1.25e-07	5.610443102090589
5e-07	5.610527258737121
1.125e-06	5.6105927139066445
2e-06	5.610695572030183
3.125e-06	5.610824612221531
4.5e-06	5.6109667434467845
6.124999999999999e-06	5.611132385100276
8e-06	5.611312720771413
1.0125000000000002e-05	5.6115028524543185
1.25e-05	5.611733504004071
1.5125000000000003e-05	5.611922218908412
1.8e-05	5.612172988713734
2.1125000000000005e-05	5.612428335803636
2.4499999999999996e-05	5.612687279331426
2.8125e-05	5.612949100009523
3.2e-05	5.613248323641636
3.6125000000000004e-05	5.61354534709998
4.050000000000001e-05	5.613840537080188
4.5125e-05	5.614163711726712
5e-05	5.614482621124095
5.5125000000000005e-05	5.614824590989364
6.0500000000000014e-05	5.615160974699165
6.6125e-05	5.615516894113351
7.2e-05	5.61588990726887
7.812500000000002e-05	5.616255521144355
8.450000000000002e-05	5.6166145895028885
9.112500000000002e-05	5.617009398461923
9.799999999999998e-05	5.6173960440778234
0.00010512499999999998	5.61779471718988
0.0001125	5.618185513571475
0.00012012499999999999	5.618605391893953
0.000128	5.6190165604559725
0.00013612500000000002	5.619436812396667
0.00014450000000000002	5.619848844938211
0.00015312500000000002	5.6202854222753995
0.00016200000000000003	5.620713329880249
0.00017112500000000005	5.621163597423501
0.0001805	5.621604930998958
0.000190125	5.622052403586453
0.0002	5.622505554760084
0.00021012499999999994	5.622963969013549
0.00022050000000000002	5.623413912214708
0.00023112499999999997	5.623882070451411
0.00024200000000000005	5.624341699775312
0.000253125	5.624818304083281
0.0002645	5.625286383080251
0.000276125	5.625758418047999
0.000288	5.626245850161477
0.00030012500000000004	5.626724836970534
0.00031250000000000006	5.627207106079636
0.00032512499999999995	5.627692464412312
0.0003380000000000001	5.628180733744121
0.000351125	5.628671749301533
0.0003645000000000001	5.629154968807005
0.000378125	5.62965121911102
0.00039199999999999993	5.630149783486682
0.000406125	5.630640697258116
0.0004204999999999999	5.63113402932399
0.0004351250000000001	5.631639165945775
0.00045	5.632136815418673
0.000465125	5.632636543410825
0.00048049999999999997	5.6331382493487245
0.000496125	5.633632933579232
0.000512	5.634138457879576
0.0005281250000000001	5.634637059036988
0.0005445000000000001	5.635137552411154
0.0005611250000000001	5.635639853275948
0.0005780000000000001	5.636143881889136
0.0005951250000000001	5.636649563131224
0.0006125000000000001	5.637148811256541
0.0006301249999999999	5.637649800119461
0.0006480000000000001	5.638152457189247
0.0006661249999999999	5.63865671390946
0.0006845000000000002	5.639154923749531
0.000703125	5.639654809175474
0.000722	5.640156304045741
0.000741125	5.640652059364964
0.0007605	5.641149488760877
0.000780125	5.64164142683424
0.0008	5.642135092563523
0.000820125	5.642630421961471
0.0008404999999999998	5.643120512158377
0.0008611250000000001	5.643612312092948
0.0008820000000000001	5.6440990816042005
0.0009031250000000002	5.6445875987577825
0.0009244999999999999	5.645077802589427
0.0009461249999999999	5.6455567373674675
0.0009680000000000002	5.646037538271238
0.0009901250000000001	5.646520142397629
0.0010125	5.6469982558135445
0.001035125	5.6474720265643885
0.001058	5.647947694566522
0.0010811250000000003	5.648413133149255
0.0011045	5.648886574452893
0.001128125	5.649350048571193
0.001152	5.649809711190259
0.0011761249999999997	5.650271464153473
0.0012005000000000002	5.650729518528763
0.001225125	5.651183986394558
0.0012500000000000002	5.651623754459934
0.0012751249999999998	5.652104808294232
0.0013004999999999998	5.65252142535627
0.0013261250000000003	5.652984423087994
0.0013520000000000003	5.653438517017188
0.0013781249999999998	5.653830528746756
0.0014045	5.654268072737108
0.0014311249999999999	5.654697438335117
0.0014580000000000003	5.655118852718346
0.001485125	5.65558400668264
0.0015125	5.655989699273924
0.001540125	5.65638808208879
0.0015679999999999997	5.65677935092482
0.001596125	5.657213344587663
0.0016245	5.657590509913419
0.001653125	5.658009902303965
0.0016819999999999997	5.658422063791227
0.0017111249999999998	5.658779227277831
0.0017405000000000003	5.659177883274003
0.0017701250000000002	5.659569839169399
0.0018	5.659955262466538
0.001830125	5.660334315130668
0.0018605	5.660707153816697
0.0018911250000000004	5.661073930085064
0.0019219999999999999	5.661434790607171
0.001953125	5.661789877360922
0.0019845	5.662139327816996
0.002016125	5.662483275116279
0.002048	5.662821848239013
0.002080125	5.663155172166045
0.0021125000000000002	5.66348336803266
0.0021451250000000003	5.66380655327536
0.0021780000000000002	5.664124841771957
0.0022111250000000004	5.66443834397537
0.0022445000000000004	5.66474716704142
0.002278125	5.665051414950939
0.0023120000000000003	5.665351188626489
0.0023461249999999993	5.665646586044007
0.0023805000000000002	5.66593770233953
0.0024151250000000006	5.666224629911375
0.0024500000000000004	5.666507458517908
0.0024851249999999995	5.666786275371161
0.0025204999999999997	5.667061165226476
0.0025561250000000007	5.667292976600583
0.0025920000000000006	5.6675605297827065
0.002628125	5.667824392576109
0.0026644999999999998	5.6680462131182185
0.0027011249999999995	5.668303181973375
0.002738000000000001	5.668518769877093
0.002775125	5.6687691179640005
0.0028125	5.668978725122401
0.002850125	5.669185556027047
0.002888	5.669389665472424
0.002926125	5.669591106820473
0.0029645	5.669789932047119
0.003003125	5.669986191786971
0.003042	5.67017993537631
0.003081125	5.670335475588067
0.0031205	5.670524556069939
0.003160125	5.670675972375298
0.0032	5.670825495976839
0.0032401250000000004	5.67100800961502
0.0032805	5.671153637633582
0.0033211250000000003	5.671263058908958
0.003361999999999999	5.671405355797452
0.0034031250000000003	5.671511925189709
0.0034445000000000005	5.671651008463397
0.003486124999999999	5.6717548306014605
0.0035280000000000003	5.671857416761688
0.0035701249999999995	5.671958788884519
0.0036125000000000007	5.672058968394137
0.0036551250000000004	5.672125166604801
0.0036979999999999995	5.672190595068831
0.0037411250000000005	5.672255267134432
0.0037844999999999997	5.672319195842956
0.0038281249999999995	5.67238239393767
0.003872000000000001	5.6724129963545895
0.0039161249999999995	5.672474950400144
0.0039605000000000005	5.672504688989558
0.004005125	5.672534095304229
0.00405	5.672532005753727
0.004095125000000001	5.672560936215393
0.0041405	5.672558722149451
0.004186125	5.672556532280948
0.004232	5.672523874676766
0.004278125	5.672491570127764
0.004324500000000001	5.672489776612096
0.004371125	5.672427997539356
0.004418	5.672396718473249
0.004465124999999999	5.672336085518415
0.0045125	5.67227609080521
0.004560125	5.672216724308896
0.004608	5.672128755155762
0.0046561250000000005	5.672041697600071
0.004704499999999999	5.671955537544954
0.004753125	5.671870261182709
0.004802000000000001	5.671757230277722
0.004851124999999999	5.671645346894614
0.0049005	5.671506258075463
0.004950124999999999	5.671368567133895
0.005000000000000001	5.67123225310174
0.005050125000000001	5.671069382775865
0.005100499999999999	5.6709358994982795
0.005151125	5.670748456025376
0.005201999999999999	5.670590352405649
0.005253124999999999	5.670406423245129
0.005304500000000001	5.670197044643923
0.005356125	5.670016792614237
0.005408000000000001	5.6697843272088555
0.005460125	5.669580930578176
0.005512499999999999	5.669352754662541
0.0055651250000000015	5.669126741551792
0.005618	5.668876396285948
0.005671125	5.668628401679877
0.0057244999999999996	5.668356507756562
0.005778124999999999	5.668087143079047
0.005832000000000001	5.667820272518915
0.005886125	5.667530007018773
0.0059405	5.667216668527342
0.005995124999999999	5.666931810036297
0.00605	5.666598537139696
0.006105125	5.666293666907781
0.0061605	5.66594099872208
0.006216125	5.665616652417425
0.006271999999999999	5.665245108819939
0.006328125	5.664901803134883
0.0063845	5.664536710583754
0.006441124999999999	5.664150119098708
0.006498	5.663766918767038
0.006555124999999999	5.663362565411619
0.0066125	5.662961728172332
0.006670125000000001	5.66254007375286
0.006727999999999999	5.662122054285279
0.0067861250000000005	5.661683543812688
0.006844499999999999	5.661248781292854
0.0069031249999999995	5.6607938446536075
0.006962000000000001	5.660318990345615
0.007021125	5.659848143246974
0.007080500000000001	5.659381252846639
0.007140125	5.658871320164284
0.0072	5.658389013767206
0.007260125000000001	5.657864150219047
0.0073205	5.657343624386165
0.007381125	5.656827382716515
0.007442	5.65626938529742
0.007503124999999999	5.65573884272706
0.007564500000000002	5.655167000152376
0.007626125	5.654599787881942
0.0076879999999999995	5.6540145271495685
0.007750125	5.65343396730661
0.0078125	5.652835610169985
0.007875125	5.652219668456356
0.007938	5.651608615169024
0.008001125	5.650980216678026
0.0080645	5.650356766206643
0.008128125	5.649694202067568
0.008192	5.64903681421083
0.008256125	5.6483627116949915
0.0083205	5.6476938347800525
0.008385125	5.647008460995335
0.008450000000000001	5.646306780689338
0.008515125	5.64558898129334
0.008580500000000001	5.644876661282046
0.008646125000000001	5.64414842566969
0.008712000000000001	5.643404455315372
0.008778125000000001	5.6426660998316525
0.008844500000000002	5.6418911121102004
0.008911125	5.6411219295402235
0.008978000000000002	5.640358487138676
0.009045124999999998	5.639559007557202
0.0091125	5.638765450046699
0.009180125	5.637957046307114
0.009248000000000001	5.637133960083623
0.009316125000000001	5.636296352722201
0.009384499999999997	5.63544438321341
0.009453125000000001	5.634598609846501
0.009522000000000001	5.633738637579705
0.009591124999999997	5.632864620191724
0.009660500000000002	5.631976709248613
0.009730124999999997	5.631075054143439
0.009800000000000001	5.630179839431872
0.009870125000000002	5.629251064375889
0.009940499999999998	5.62832887637704
0.010011125000000003	5.627393380720579
0.010081999999999999	5.626444717980355
0.010153124999999999	5.625483026757245
0.010224500000000003	5.624508443713662
0.010296124999999998	5.62352110360731
0.010368000000000002	5.622540620029472
0.010440124999999998	5.621528095209254
0.0105125	5.620522553318829
0.010585125000000003	5.619504642496028
0.010657999999999999	5.618455275972684
0.010731125	5.6174130723607645
0.010804499999999998	5.61635887542953
0.010878124999999999	5.61529280714494
0.010952000000000003	5.614214987824764
0.011026125	5.6131255361663355
0.0111005	5.61202456927373
0.011175125	5.61091220268441
0.01125	5.609788550395346
0.011325124999999998	5.608653724888593
0.0114005	5.607507837156383
0.011476125	5.606350996725699
0.011552	5.605183311682381
0.011628125	5.604004888694748
0.0117045	5.602815833036767
0.011781125	5.601616248610752
0.011858	5.600406237969641
0.011935125	5.5991859023388235
0.0120125	5.597955341637549
0.012090125	5.5967146544999435
0.012168	5.595463938295585
0.012246125	5.594185364411369
0.0123245	5.592914934309855
0.012403125000000001	5.591616948570239
0.012482	5.590327177930245
0.012561125000000001	5.589010147527082
0.0126405	5.587683757431165
0.012720125	5.586348095664684
0.0128	5.585003249149546
0.012880125000000001	5.583649303724531
0.012960500000000002	5.5822863441620845
0.013041124999999995	5.580897084391964
0.013122	5.579516400299435
0.013203125000000001	5.578109686920695
0.013284500000000001	5.576694393737216
0.013366125000000001	5.575270599462804
0.013447999999999996	5.573838381851341
0.013530124999999997	5.572380764692821
0.013612500000000001	5.570931981577686
0.013695125	5.569458052480756
0.013778000000000002	5.567976103549763
0.013861124999999997	5.566486207035471
0.013944499999999997	5.564971636589515
0.014028125000000002	5.563449360763824
0.014112000000000001	5.561936146103764
0.014196125000000002	5.56038196734879
0.014280499999999998	5.558836984917809
0.014365124999999998	5.557268017468121
0.014450000000000003	5.555708279238723
0.014535125000000003	5.554108330297164
0.014620500000000002	5.552517737782163
0.014706124999999997	5.550903705905139
0.014791999999999998	5.549282748506753
0.014878124999999997	5.547654925808933
0.014964500000000002	5.546004082183918
0.015051125000000002	5.5443627535077535
0.015137999999999999	5.542682491866202
0.015225124999999997	5.541011859231193
0.015312499999999998	5.5393187133935164
0.015400125000000002	5.537619230942085
0.015488000000000004	5.535897527123322
0.015576124999999998	5.5341696843938974
0.015664499999999998	5.532435754778471
0.015753125	5.530695789715522
0.015842000000000002	5.528934080393925
0.015931125000000004	5.527150809538544
0.0160205	5.525377501090177
0.016110125	5.523582815847081
0.0162	5.521766931949213
0.016290125	5.519945566956314
0.016380500000000003	5.518118766291821
0.016471125	5.516271119112524
0.016562	5.5144182105355775
0.016653124999999998	5.512560083805348
0.0167445	5.510681452614073
0.016836125000000004	5.508782484573143
0.016928	5.5068938370107
0.017020125	5.504969812661857
0.0171125	5.503056188444627
0.017205124999999998	5.501107512796479
0.017298000000000004	5.4991693138991256
0.017391125	5.497196383281904
0.0174845	5.495234003095787
0.017578125	5.4932521665741225
0.017672	5.491251028953622
0.017766125	5.489245625635879
0.017860499999999994	5.487221148033564
0.017955125	5.48519255041041
0.01805	5.483145100968946
0.018145125	5.48109367372113
0.0182405	5.479023612882457
0.018336124999999995	5.47694971308445
0.018432	5.474857393790066
0.018528125	5.472746798527852
0.018624500000000002	5.470632604165695
0.018721125	5.468514838603595
0.018817999999999994	5.4663790695490215
0.018915125	5.464225435846387
0.0190125	5.462068460667608
0.019110125000000002	5.459893820691269
0.019208000000000003	5.4577016511071434
0.019306124999999997	5.45550636166568
0.019404499999999995	5.453293736418834
0.019503125000000003	5.45107811068437
0.019602	5.448845339407646
0.019701125000000003	5.446595552151953
0.019800499999999995	5.4443429737691496
0.019900124999999998	5.442073563984243
0.020000000000000004	5.439787449032748
0.020100125000000003	5.437498745020909
0.020200500000000003	5.435193514943943
0.020301124999999996	5.432885803519713
0.020401999999999997	5.430547854703259
0.020503125000000004	5.428207598367128
0.0206045	5.425865051561959
0.020706125000000002	5.423492661425841
0.020807999999999997	5.421118149567102
0.020910124999999998	5.418727814083699
0.021012499999999996	5.4163354547658225
0.021115125000000002	5.4139274356728375
0.021218000000000004	5.411503870832236
0.021321124999999996	5.409064873167126
0.0214245	5.406624106304496
0.021528125	5.404154544753722
0.021632000000000005	5.401683369452944
0.021736125000000005	5.399210592011878
0.0218405	5.39670937970377
0.021945125	5.394206716277557
0.022049999999999997	5.3916892539005055
0.022155125000000005	5.389157098028322
0.022260500000000006	5.386623648006004
0.022366124999999997	5.384062386094178
0.022472	5.381499973429336
0.022578124999999998	5.378923217091849
0.0226845	5.376332218093495
0.022791125000000006	5.373740215710819
0.022897999999999998	5.371120999953049
0.023005124999999998	5.3685009170354006
0.023112499999999998	5.365866925465734
0.023220124999999998	5.363219122056008
0.023328000000000005	5.360557602721781
0.023436125	5.357882462492553
0.0235445	5.3552067228102285
0.023653125	5.352504592668268
0.023762	5.349801989629936
0.023871125000000007	5.347086078399091
0.023980499999999995	5.344344140896916
0.024090125	5.341614695137342
0.0242	5.338859402928255
0.024310125000000002	5.33609116218904
0.0244205	5.3333100608056485
0.024531124999999994	5.330528850527595
0.024642	5.32772225982443
0.024753125	5.324915675274756
0.0248645	5.3220839378995075
0.024976125000000002	5.319252319163293
0.025087999999999996	5.316408294961159
0.025200125	5.3135394527614705
0.0253125	5.310670893320221
0.025425125	5.3077901747496545
0.025538	5.304897377751956
0.025651124999999997	5.301992582316712
0.025764499999999996	5.299075867728751
0.025878125000000002	5.296147312575892
0.025992	5.293206994756589
0.026106125	5.290254991487472
0.026220499999999997	5.287291379310788
0.026335124999999997	5.2843162341017464
0.02645	5.28132963107578
0.026565125000000002	5.278331644795685
0.026680500000000003	5.275322349178702
0.026796124999999997	5.272301817503467
0.026911999999999995	5.269258030944706
0.027028125000000004	5.2662152704719984
0.027144500000000002	5.263161489902171
0.027261125000000004	5.260096760028136
0.027377999999999996	5.257021151037741
0.027495124999999995	5.25392276995497
0.027612499999999998	5.250825636359566
0.027730125000000005	5.247705918768163
0.027848000000000005	5.244587533787101
0.027966124999999998	5.241446750160491
0.0280845	5.238295546029767
0.028203125	5.235133987208635
0.028322000000000003	5.231973925602922
0.028441125000000005	5.228791827925735
0.0285605	5.225587832478773
0.028680124999999997	5.222385502058516
0.0288	5.219173137835417
0.028920125000000005	5.215939138267495
0.029040500000000004	5.21270691786147
0.029161125	5.20945323391819
0.029282	5.206189811300699
0.029403125	5.20291671024822
0.0295245	5.199633990504179
0.029646125000000006	5.196341711321295
0.029768	5.193028434656976
0.029890125	5.189717235927682
0.030012499999999998	5.186385202643596
0.030135125	5.183043888667786
0.030258000000000007	5.1796933505898375
0.030381125	5.176333644540188
0.0305045	5.17295346902251
0.030628125	5.169575616551159
0.030751999999999998	5.166177450321013
0.030876125000000008	5.162770381568242
0.0310005	5.159354463922503
0.031125125	5.155918507210601
0.03125	5.152485073439342
0.031375125	5.149031750522847
0.0315005	5.1455698335020275
0.031626125	5.1420993736339655
0.031752	5.138609289937391
0.031878125	5.135110808777825
0.0320045	5.131603979942597
0.032131125	5.128088852826235
0.032258	5.124565476434342
0.032385125	5.121022876905861
0.0325125	5.117472168186897
0.032640125	5.113913397885218
0.032768	5.110335655339979
0.032896125	5.106749988036235
0.0330245	5.103156442227438
0.033153125	5.099555063807792
0.033282	5.095945898315736
0.033411125	5.092318139016479
0.0335405	5.088682724567405
0.033670125	5.085028889115615
0.033800000000000004	5.0813783175634475
0.033930125000000005	5.077709453907242
0.0340605	5.074022403274038
0.034191125	5.070338724836178
0.034322000000000005	5.066636985382228
0.034453125	5.062917288117996
0.034584500000000004	5.05920106794773
0.034716125	5.055467013073545
0.034848000000000004	5.051725850668192
0.034980125	5.047967015286479
0.035112500000000005	5.04420119270582
0.035245125	5.040428422401916
0.03537800000000001	5.036648743553658
0.03551112499999999	5.032851668886247
0.0356445	5.029037296128999
0.035778125	5.025226695899626
0.035912000000000006	5.021398912594044
0.036046125000000005	5.017564489959612
0.03618049999999999	5.013713036685706
0.036315125000000004	5.009855056547872
0.03645	5.005990585806467
0.036585125	5.002109289948937
0.0367205	4.998221613474269
0.03685612499999999	4.994317259326752
0.036992000000000004	4.990406632793372
0.037128125000000005	4.986489768401024
0.037264500000000006	4.982556424886843
0.03740112500000001	4.97861694938148
0.03753799999999999	4.974671375454234
0.03767512499999999	4.970709517043467
0.037812500000000006	4.966741663779276
0.03795012500000001	4.962757666009137
0.038088000000000004	4.958767775321129
0.03822612499999999	4.954761878217334
0.03836449999999999	4.950760315682322
0.038503125000000006	4.946732737566517
0.03864200000000001	4.9426994656917715
0.03878112500000001	4.938660530724647
0.03892049999999999	4.934615963111878
0.039060124999999994	4.930555756511487
0.039200000000000006	4.926479994703763
0.03934012500000001	4.922398761661479
0.03948050000000001	4.918312086590513
0.03962112499999999	4.914210033226182
0.03976199999999999	4.910102630962072
0.03990312499999999	4.9059899081994205
0.04004450000000001	4.901852068251461
0.04018612500000001	4.897718928897497
0.040327999999999996	4.893570710229099
0.040470124999999996	4.88940749175056
0.040612499999999996	4.885249038173522
0.04075512500000001	4.881065847529489
0.04089800000000001	4.876877666492244
0.04104112499999999	4.872684521189505
0.04118449999999999	4.868476663275787
0.04132812499999999	4.864263926804893
0.04147200000000001	4.860036596833365
0.04161612500000001	4.855804472708872
0.04176049999999999	4.851567579314562
0.041905124999999994	4.847306561592754
0.04205	4.8430505638577435
0.04219512499999999	4.838780247131621
0.04234050000000001	4.834495685223616
0.04248612499999999	4.830206574838105
0.042631999999999996	4.825903332417429
0.04277812499999999	4.821595620934595
0.0429245	4.817283463268759
0.04307112500000001	4.812957324318468
0.04321799999999999	4.80861727541681
0.043365125	4.804272912782721
0.043512499999999996	4.799924258350434
0.043660124999999994	4.795552347634658
0.043808000000000014	4.791185729787678
0.043956125	4.786805455796329
0.0441045	4.782411594631035
0.044253125	4.778013644114691
0.044402	4.7736022113361445
0.044551125	4.769186761772595
0.0447005	4.764767315575136
0.044850125	4.760325160062128
0.045	4.755888460995661
0.045150125	4.751429185599284
0.045300499999999994	4.746975405398407
0.045451124999999995	4.7424991804014995
0.045602	4.7380284885285855
0.045753125	4.733535481963667
0.0459045	4.729038787489385
0.046056124999999996	4.724538423332638
0.046208	4.7200251798979425
0.046360124999999995	4.715508333180267
0.0465125	4.710978703452968
0.046665124999999995	4.706436353480412
0.046818	4.7018905130074335
0.046971124999999996	4.697332046680684
0.0471245	4.692770153719489
0.047278125	4.688195728167426
0.047432	4.683617938922017
0.047586125	4.679027709237686
0.0477405	4.6744341778918095
0.047895125	4.669828297165296
0.04805	4.665219175914989
0.048205125	4.660597795265638
0.0483605	4.655964214346181
0.048516125	4.651327497432557
0.048672	4.646687659601662
0.048828125	4.6420267624159735
0.0489845	4.637371793906435
0.049141125	4.632695881480803
0.049298	4.628016992842825
0.049455125	4.623335142187475
0.049612500000000004	4.618641438154353
0.049770125	4.613944828450649
0.049928	4.609236449585712
0.050086125	4.604516357337557
0.050244500000000004	4.599793456411631
0.050403125	4.595058924733807
0.050562	4.590321638617542
0.050721125	4.58557280343209
0.0508805	4.580812473483412
0.051040125	4.576049482773693
0.0512	4.571283843775248
0.051360124999999986	4.56650681624122
0.051520500000000004	4.561718453389061
0.051681125	4.5569275335221295
0.051842000000000006	4.552125356683812
0.052003125000000004	4.547320673593513
0.05216449999999998	4.5425048109937345
0.052326125	4.537677820721453
0.052488	4.532848412384886
0.052650125000000006	4.528016597161519
0.052812500000000005	4.523165123258211
0.052975124999999984	4.518319935844468
0.053138000000000005	4.5134551910724685
0.053301125000000005	4.508588162385218
0.053464500000000005	4.503718860259388
0.053628125000000006	4.4988387295456915
0.053791999999999986	4.493947819765106
0.05395612500000001	4.48905471962433
0.05412049999999999	4.484159439109814
0.054285125000000004	4.479244961005951
0.054450000000000005	4.474336874588612
0.05461512499999999	4.469409687415489
0.0547805	4.464480436025056
0.054946124999999985	4.459549129757666
0.05511200000000001	4.454607328434896
0.055278125000000004	4.449655079402864
0.05544449999999999	4.444700853812062
0.055611125000000004	4.4397362490936345
0.05577799999999999	4.4347697107273545
0.055945125000000005	4.429792861071726
0.05611250000000001	4.4248141200923765
0.056280124999999986	4.4198251349292015
0.056448000000000005	4.414825951315162
0.05661612499999999	4.409824951179614
0.05678450000000001	4.404822142607962
0.05695312500000001	4.399809221870144
0.05712199999999999	4.394786233842636
0.057291125000000005	4.389761510349618
0.05746049999999999	4.384726784080318
0.05763012500000001	4.37968209922962
0.05780000000000001	4.374644001035688
0.05797012499999999	4.369587744874031
0.05814050000000001	4.364529863530729
0.05831112499999999	4.359470364144212
0.058482000000000006	4.354392849006764
0.05865312500000001	4.349321968303146
0.05882449999999999	4.344241336042824
0.05899612500000001	4.339150994809014
0.05916799999999999	4.33405914165117
0.05934012500000001	4.328957640274179
0.05951249999999999	4.323846532626824
0.05968512499999999	4.31874209903474
0.05985800000000001	4.31361998783395
0.06003112499999999	4.308496467305885
0.06020450000000001	4.3033715435427355
0.06037812499999999	4.298237150021629
0.060551999999999995	4.29309332756049
0.06072612500000001	4.2879481661592
0.06090049999999999	4.282801671572526
0.061075125000000015	4.277637796752322
0.06124999999999999	4.272480660941461
0.06142512499999999	4.267314228329337
0.06160050000000001	4.26213853864587
0.061776124999999994	4.256961612110573
0.061952000000000014	4.251775484614714
0.06212812499999999	4.246588153386639
0.06230449999999999	4.241391676738096
0.06248112500000001	4.2361940290387645
0.06265799999999999	4.230987290896062
0.06283512500000002	4.225779413952345
0.0630125	4.220562500986912
0.063190125	4.215344481045004
0.06336800000000001	4.210117478955029
0.063546125	4.204889401294195
0.06372450000000002	4.199652394818255
0.06390312499999999	4.1944143437643415
0.064082	4.1891674166947865
0.06426112500000002	4.183919475633507
0.0644405	4.178662710829635
0.06462012500000001	4.173404962219648
0.0648	4.168138441620651
0.064980125	4.1628709670063895
0.0651605	4.1575947716440975
0.065341125	4.152317651668418
0.06552200000000001	4.1470318616798165
0.065703125	4.14174517609642
0.0658845	4.136457598619032
0.06606612499999999	4.131161415674861
0.066248	4.125856662725996
0.06643012500000002	4.120551071121016
0.06661249999999999	4.115244644306455
0.066795125	4.109929710685222
0.066978	4.1046063051212816
0.067161125	4.099289770455054
0.06734450000000002	4.093957147637497
0.067528125	4.0886314021023
0.067712	4.083297260047761
0.067896125	4.077954755652383
0.0680805	4.072611525135849
0.06826512500000002	4.0672599795066295
0.06845	4.06191531583438
0.068635125	4.056554791912381
0.06882049999999999	4.05119359435378
0.069006125	4.0458317258785055
0.06919200000000002	4.040469189191868
0.069378125	4.0350984561885435
0.0695645	4.029719559829589
0.069751125	4.024340043532901
0.069938	4.018959909784862
0.07012512500000002	4.013571670480334
0.0703125	4.008182838632347
0.07050012499999998	4.0027934166079175
0.070688	3.9973959460658577
0.070876125	3.991997909859628
0.0710645	3.9865918693339104
0.071253125	3.981185287344415
0.07144199999999998	3.9757707448187736
0.071631125	3.9703630961398253
0.0718205	3.9649401091032934
0.07201012500000001	3.959524019999526
0.0722	3.954100037275895
0.07239012499999999	3.9486755645118468
0.0725805	3.943243240850452
0.072771125	3.937810450296683
0.072962	3.9323698511719734
0.073153125	3.9269361419232727
0.07334449999999998	3.9214946468902285
0.07353612500000001	3.9160453965257083
0.073728	3.9105957263884346
0.073920125	3.905145638116012
0.0741125	3.8996951333375383
0.07430512499999999	3.894236936834358
0.07449800000000001	3.8887783459099348
0.074691125	3.8833121040832403
0.0748845	3.877845489643431
0.07507812500000001	3.8723785040328784
0.07527199999999998	3.8669111486865257
0.07546612500000001	3.861436204384426
0.0756605	3.855960911756364
0.07585512500000001	3.850485272143772
0.07605	3.845002094005434
0.07624512499999998	3.8395185899645026
0.07644050000000001	3.8340347612712384
0.07663612499999999	3.828543443852664
0.07683200000000001	3.8230589787194633
0.077028125	3.8175670455620097
0.07722449999999999	3.8120676728842118
0.07742112500000001	3.8065751468420577
0.07761799999999998	3.8010752016663747
0.07781512500000001	3.7955749763945525
0.07801250000000001	3.7900673702635377
0.07821012499999999	3.7845595041148976
0.078408	3.7790584628263524
0.07860612499999999	3.773542995699432
0.07880450000000001	3.7680343553875635
0.07900312500000001	3.7625184018069127
0.07920199999999998	3.7570022108154046
0.079401125	3.751485783306678
0.07960049999999999	3.7459691201699004
0.07980012500000001	3.7404452004586126
0.08000000000000002	3.734928077492726
0.08020012499999998	3.729403717219256
0.08040050000000001	3.7238791422753894
0.08060112499999998	3.7183473666099567
0.08080200000000001	3.712822373417444
0.08100312500000001	3.707290198432484
0.08120449999999999	3.7017578292338333
0.08140612500000001	3.696225266543475
0.08160799999999999	3.6906855674621224
0.08181012500000001	3.6851526285229936
0.08201250000000002	3.679612571742596
0.08221512499999999	3.6740723413831065
0.082418	3.6685319380858283
0.08262112499999999	3.6629913624889063
0.08282450000000001	3.657450615227352
0.083028125	3.651909696933061
0.08323199999999999	3.6463617326918127
0.08343612500000001	3.640813615503535
0.08364049999999999	3.635265345929161
0.083845125	3.6297169245268806
0.08404999999999999	3.6241683518521617
0.08425512499999999	3.6186196284577656
0.08446050000000001	3.6130707548937653
0.084666125	3.6075149146442493
0.08487200000000002	3.6019657506537097
0.08507812499999999	3.5964096375706567
0.08528449999999999	3.590853392937919
0.08549112500000002	3.5853038013235183
0.085698	3.5797472868273807
0.08590512500000001	3.5741906422260414
0.0861125	3.568633867989761
0.086320125	3.563076964586535
0.08652800000000002	3.5575131891610736
0.086736125	3.5519560369141834
0.08694450000000002	3.546398756871475
0.087153125	3.540841349492099
0.087362	3.5352771041766613
0.08757112500000001	3.5297194515106014
0.0877805	3.524154977813546
0.08799012500000002	3.5185970815947867
0.08819999999999999	3.5130323811654707
0.08841012499999999	3.5074742431116093
0.08862050000000002	3.5019093175836384
0.088831125	3.496350939396065
0.08904200000000002	3.4907857903874815
0.08925312499999999	3.485227173751581
0.08946449999999999	3.479661802865048
0.089676125	3.4741029494503812
0.089888	3.4685373582733585
0.09010012500000002	3.462978269733854
0.09031249999999999	3.457419060360085
0.090525125	3.45185313781292
0.090738	3.446293695784526
0.090951125	3.440734134175654
0.09116450000000002	3.4351744534063777
0.09137812499999999	3.4296080919730443
0.09159199999999999	3.4240481818011186
0.091806125	3.4184881536993674
0.09202049999999999	3.412934547058107
0.09223512500000002	3.4073742767194966
0.09244999999999999	3.4018138897000414
0.092665125	3.3962533864062947
0.09288049999999999	3.390699275877611
0.093096125	3.3851385337055344
0.09331200000000002	3.3795841700534135
0.093528125	3.374029676737825
0.0937445	3.368475054207948
0.09396112499999999	3.3629203029108927
0.094178	3.357365423291705
0.09439512500000002	3.3518104157933855
0.0946125	3.346261729642072
0.094830125	3.3407064603024645
0.095048	3.3351574984119137
0.095266125	3.3296083956709346
0.09548450000000003	3.3240591525629966
0.095703125	3.3185161815043314
0.09592199999999998	3.3129666517844933
0.096141125	3.307423380464127
0.0963605	3.3018799561328676
0.096580125	3.296336379312938
0.0968	3.2907926505241853
0.09702012499999997	3.2852487702840962
0.09724050000000001	3.2797111001544144
0.097461125	3.2741732651935376
0.097682	3.2686352659608477
0.09790312500000001	3.2631034424969303
0.09812449999999998	3.2575651092334885
0.098346125	3.252032938566917
0.098568	3.2465005916110776
0.098790125	3.2409743799204906
0.0990125	3.235441675077178
0.09923512499999998	3.2299150925308195
0.099458	3.2243883219563076
0.09968112500000001	3.218867646676361
0.09990450000000001	3.213346770573546
0.100128125	3.2078256943210137
0.10035199999999998	3.2023044185889047
0.100576125	3.1967891987189616
0.1008005	3.1912737667705504
0.10102512500000001	3.1857581234513854
0.10125	3.1802485032917063
0.10147512499999999	3.174738659329712
0.1017005	3.1692285923097576
0.101926125	3.1637245160881835
0.102152	3.158220204541653
0.102378125	3.152721857834892
0.10260449999999999	3.147217071132665
0.10283112500000001	3.141724422879615
0.10305799999999998	3.13622533626445
0.103285125	3.130732176745136
0.10351250000000001	3.125238759459706
0.10374012499999999	3.1197512438114536
0.103968	3.1142634585854516
0.10419612499999999	3.108781549731136
0.1044245	3.103299359620261
0.10465312500000001	3.097816889174979
0.10488199999999999	3.0923402642513
0.10511112500000001	3.086863347466817
0.10534049999999999	3.081392251369118
0.10557012500000001	3.0759208520135197
0.1058	3.070449150388908
0.10603012499999999	3.064983239166193
0.10626050000000001	3.0595230995045872
0.10649112499999998	3.054062634158388
0.10672200000000001	3.04860184418501
0.10695312500000001	3.043146795981195
0.10718449999999999	3.037697470945096
0.10741612500000002	3.0322477982972034
0.10764799999999998	3.026797779161265
0.10788012500000001	3.0213534538844966
0.10811250000000001	3.0159148040996104
0.10834512499999999	3.0104757852635613
0.10857800000000001	3.005036398564279
0.10881112499999998	2.999602658521263
0.10904450000000002	2.994174546997502
0.10927812500000002	2.9887460454596697
0.10951199999999998	2.983323149220954
0.10974612500000001	2.977899852668764
0.10998049999999998	2.972482138366043
0.11021512500000001	2.9670699884781273
0.11044999999999999	2.9616574166897576
0.11068512499999998	2.9562444243459907
0.11092050000000002	2.950842924554971
0.111156125	2.9454350320495037
0.11139200000000002	2.940038596943412
0.111628125	2.9346417089103456
0.11186449999999999	2.9292503000875993
0.11210112500000001	2.9238584286792584
0.112338	2.9184720143381275
0.11257512500000001	2.9130910398132026
0.1128125	2.9077095821965373
0.11305012499999999	2.902333542531639
0.11328800000000001	2.896962903745131
0.11352612499999999	2.8915917616966813
0.11376450000000002	2.8862259989364842
0.114003125	2.880859723756725
0.114242	2.8755046750940783
0.11448112500000002	2.8701490926917455
0.11472049999999999	2.8647988346335698
0.11496012500000002	2.8594480339579924
0.1152	2.854102536572259
0.11544012499999999	2.8487623259208323
0.11568050000000002	2.8434273855170153
0.11592112499999999	2.838091872937294
0.11616200000000002	2.8327616099240216
0.116403125	2.8274365801573036
0.1166445	2.82211676738482
0.11688612500000002	2.816796353515481
0.117128	2.8114811363244865
0.11737012500000002	2.806171099723048
0.1176125	2.800866227688724
0.11785512499999999	2.7955665042650755
0.118098	2.790266141500524
0.11834112499999999	2.784970907494892
0.11858450000000002	2.779680786451178
0.11882812499999999	2.774395762637193
0.119072	2.7691100719804047
0.119316125	2.76383520157061
0.1195605	2.758559644918091
0.11980512500000003	2.753289134915422
0.12004999999999999	2.7480236561136753
0.120295125	2.7427631931269136
0.1205405	2.737507730631875
0.120786125	2.732251545897555
0.12103200000000003	2.7270060444655395
0.121278125	2.7217598020352103
0.1215245	2.71651851096569
0.121771125	2.7112878405467673
0.122018	2.7060564013572295
0.12226512500000003	2.7008298685734324
0.1225125	2.695602560213236
0.122760125	2.690385801415824
0.12300799999999999	2.685173904588667
0.123256125	2.6799668550430327
0.12350450000000003	2.6747589938403427
0.123753125	2.669561600700373
0.124002	2.6643690111178095
0.124251125	2.6591755833135426
0.1245005	2.6539925631802257
0.12475012500000003	2.648808687345269
0.125	2.6436351792619837
0.12525012499999996	2.638460798181658
0.1255005	2.633296745207279
0.12575112499999996	2.628131802122976
0.126002	2.6229715596791765
0.12625312499999997	2.61782158637457
0.1265045	2.6126762746042633
0.12675612500000003	2.607530039037866
0.127008	2.602394014256323
0.12726012500000003	2.5972570491014983
0.1275125	2.592130256154902
0.12776512499999998	2.587008055832232
0.128018	2.581890434518993
0.12827112499999999	2.576777378654445
0.1285245	2.571668874731344
0.12877812499999997	2.566564909295676
0.129032	2.5614654689463943
0.12928612500000003	2.5563705403351626
0.1295405	2.55128562140686
0.12979512500000004	2.5461996710277752
0.13005	2.5411236931004146
0.13030512499999997	2.536052163275652
0.1305605	2.5309850684964346
0.13081612499999998	2.525922395756763
0.131072	2.5208641321014458
0.131328125	2.515810264625843
0.1315845	2.510766248743761
0.13184112500000003	2.505726592733793
0.132098	2.500691283872578
0.13235512500000005	2.495660309486212
0.1326125	2.490633656950013
0.13287012499999998	2.485611313688276
0.133128	2.4805987036499144
0.13338612499999997	2.475590367354993
0.1336445	2.4705862924038704
0.13390312499999998	2.4655864664448255
0.134162	2.4605962926594462
0.13442112499999997	2.4556103328610193
0.1346805	2.45062857487039
0.13494012500000005	2.445651006555294
0.13520000000000001	2.44067761583013
0.135460125	2.435713780130374
0.13572050000000002	2.4307540876439546
0.13598112499999998	2.425798526453673
0.136242	2.4208524586756326
0.13650312499999998	2.4159104882109457
0.1367645	2.410972603308235
0.13702612499999997	2.40604415085042
0.13728800000000002	2.4011143968837407
0.13755012500000005	2.39619939024884
0.1378125	2.3912830589730514
0.138075125	2.3863760832277574
0.13833800000000002	2.3814731032128704
0.138601125	2.3765741075445446
0.1388645	2.371684407883179
0.139128125	2.366798659839084
0.13939200000000002	2.3619221651056783
0.139656125	2.357049589526828
0.1399205	2.3521809219896186
0.14018512500000005	2.34731615142311
0.14045000000000002	2.34246055966899
0.140715125	2.337614120773974
0.1409805	2.332771525979417
0.14124612499999997	2.327932764436495
0.14151200000000003	2.323097825337166
0.14177812499999998	2.3182719659356765
0.14204449999999996	2.313455160679405
0.14231112499999998	2.3086421259642873
0.142578	2.303832851198915
0.142845125	2.299032574141241
0.1431125	2.2942360261592816
0.143380125	2.2894484353164106
0.14364800000000003	2.28466454292371
0.14391612499999998	2.279884338640688
0.14418450000000002	2.2751130360416183
0.144453125	2.270350610284593
0.14472199999999996	2.2655918224536022
0.144991125	2.2608366624151452
0.14526050000000001	2.256090324566
0.14553012499999998	2.2513527843773713
0.1458	2.2466188225565897
0.146070125	2.241893619222064
0.1463405	2.2371719648372297
0.14661112499999998	2.2324538495712027
0.146882	2.2277444393148906
0.147153125	2.2230437099991445
0.14742449999999996	2.2183464714895944
0.14769612499999998	2.2136578755531984
0.14796800000000002	2.2089778983593327
0.148240125	2.2043013642428653
0.14851250000000002	2.1996282637274334
0.148785125	2.1949637298490616
0.14905800000000002	2.19030773907303
0.14933112499999998	2.185655134882956
0.14960450000000003	2.1810110363678166
0.149878125	2.176370296532065
0.15015199999999995	2.1717380251996627
0.150426125	2.1671141992115315
0.15070049999999996	2.1624936857997885
0.150975125	2.1578815809656815
0.15125000000000002	2.153277861776728
0.15152512499999998	2.1486774096134567
0.15180050000000003	2.1440853067281584
0.152076125	2.139501530412009
0.15235200000000002	2.1349209761153607
0.152628125	2.1303487124147256
0.15290449999999997	2.1257796440886825
0.153181125	2.12121883062863
0.15345799999999996	2.116666249683849
0.153735125	2.112121878984233
0.15401250000000002	2.1075806418866874
0.154290125	2.1030475798334223
0.15456800000000004	2.0985226707694613
0.154846125	2.09400085188971
0.15512450000000003	2.0894871511767095
0.155403125	2.084981546787857
0.15568199999999996	2.0804789896800764
0.155961125	2.075989517225221
0.15624049999999998	2.071503057741571
0.156520125	2.067019603151455
0.15680000000000002	2.0625491640544493
0.157080125	2.0580816959075703
0.15736050000000004	2.053622191162021
0.157641125	2.0491706285442484
0.15792200000000003	2.0447269868563995
0.158203125	2.040286257915461
0.15848449999999997	2.035853416592535
0.158766125	2.031428441891299
0.15904799999999997	2.0270113128898886
0.159330125	2.0225970393489754
0.15961249999999996	2.018195543675481
0.159895125	2.0137968707678966
0.16017800000000004	2.009405969367217
0.160461125	2.0050228188957524
0.16074450000000004	2.000642451367711
0.161028125	1.996274745670645
0.16131199999999998	1.9919097908259498
0.161596125	1.9875525140020884
0.16188049999999998	1.9832028949582343
0.162165125	1.978860913524642
0.16244999999999998	1.9745265496023365
0.162735125	1.9701948660347566
0.16302050000000004	1.9658756814253533
0.163306125	1.961559145920164
0.16359200000000004	1.9572550610391986
0.163878125	1.9529535942601202
0.16416449999999996	1.9486596344038674
0.164451125	1.9443731618359423
0.16473799999999997	1.9400892698447023
0.165025125	1.935817717476686
0.16531249999999997	1.9315535938953965
0.16560012500000001	1.9272968797382275
0.16588800000000004	1.9230426855335
0.166176125	1.918795870676916
0.16646450000000004	1.914561277720518
0.166753125	1.9103291598661212
0.16704199999999997	1.9061092173394159
0.167331125	1.9018917203113714
0.16762049999999998	1.8976815073887294
0.16791012500000002	1.893478559717032
0.1682	1.8892828585068382
0.16849012500000002	1.8850943850334403
0.16878049999999997	1.8809179489008765
0.16907112500000002	1.8767438708329405
0.16936200000000004	1.8725769647204487
0.16965312500000002	1.8684172120948448
0.16994449999999997	1.8642645945509322
0.17023612500000002	1.8601190937465963
0.17052799999999999	1.855980691402543
0.17082012500000002	1.8518493693020204
0.17111249999999997	1.8477251092905593
0.17140512500000002	1.8436078932757016
0.171698	1.8395024902942323
0.17199112500000002	1.8353993041608967
0.17228450000000003	1.8313031081231892
0.17257812500000003	1.8272138843340562
0.17287199999999997	1.8231363857921006
0.173166125	1.8190610491481751
0.1734605	1.8149926315817442
0.173755125	1.8109358741325603
0.17404999999999998	1.8068859925434602
0.17434512500000002	1.8028382187613672
0.17464049999999998	1.7988020405720546
0.17493612500000003	1.794772686014508
0.17523200000000005	1.7907501377991186
0.175528125	1.7867343786946417
0.1758245	1.7827253915279466
0.17612112500000002	1.7787231591837736
0.176418	1.7747276646044894
0.17671512500000003	1.7707436094131448
0.1770125	1.7667615354548099
0.17731012499999996	1.762790859137968
0.177608	1.758826845029711
0.17790612500000003	1.754869476376791
0.1782045	1.7509187364820837
0.178503125	1.746974608704355
0.178802	1.7430370764580267
0.17910112500000003	1.7391108102999149
0.1794005	1.7351910988432364
0.17970012500000002	1.7312732464189264
0.18	1.7273665991179097
0.18030012499999995	1.723471128950701
0.1806005	1.7195774728410897
0.18090112500000002	1.7156902899752184
0.18120199999999997	1.7118142240602066
0.18150312500000002	1.7079445914496172
0.18180449999999998	1.704081376140207
0.18210612500000004	1.7002245621817644
0.182408	1.696378778083437
0.18271012500000003	1.6925347153458163
0.1830125	1.6887016431607393
0.18331512499999997	1.684874901400411
0.183618	1.6810544743954619
0.18392112500000002	1.6772449717904399
0.18422449999999999	1.6734371236846843
0.18452812500000002	1.6696401612902974
0.184832	1.6658540577510839
0.185136125	1.6620695661789828
0.18544049999999998	1.6582958951538824
0.18574512500000004	1.6545238130532673
0.18605	1.6507671121415102
0.18635512499999995	1.6470119697545038
0.18666049999999998	1.6432675644606853
0.18696612499999996	1.6395246950356208
0.187272	1.63579710880096
0.18757812500000004	1.6320710284678235
0.18788449999999998	1.6283556027870265
0.18819112500000001	1.6246462332198088
0.188498	1.6209429049711042
0.18880512500000002	1.6172456032940006
0.1891125	1.613558874825398
0.18942012499999997	1.6098781361674679
0.189728	1.6062079266657205
0.19003612499999997	1.602539120226343
0.1903445	1.5988808065389755
0.19065312500000003	1.595232960115152
0.190962	1.5915864771619963
0.19127112500000004	1.5879504254206502
0.1915805	1.5843247796135411
0.19189012500000002	1.5807004581393709
0.1922	1.5770865068958873
0.19251012499999998	1.5734783799090406
0.1928205	1.5698805803755558
0.19313112499999996	1.566288569739149
0.193442	1.5627023340394557
0.19375312500000003	1.559126365740969
0.1940645	1.5555516345961695
0.19437612500000004	1.551991635086089
0.194688	1.548432845156071
0.19500012500000002	1.5448842457968786
0.1953125	1.5413458125511434
0.19562512499999996	1.5378085515063589
0.195938	1.5342859034074956
0.19625112499999997	1.530764400442787
0.1965645	1.5272529879478003
0.19687812499999996	1.5237471713292994
0.197192	1.5202514041346362
0.19750612500000003	1.5167611990198362
0.1978205	1.5132765427208
0.19813512500000005	1.5098018782849083
0.19845000000000002	1.506332729189392
0.19876512499999996	1.5028735315144093
0.1990805	1.4994153702516668
0.19939612499999998	1.4959715694075548
0.199712	1.492533217615411
0.20002812499999997	1.489100301952583
0.2003445	1.4856728095372473
0.20066112500000005	1.4822551556601387
0.20097800000000002	1.4788473170439573
0.20129512500000005	1.47544484933182
0.2016125	1.4720477398365528
0.20193012499999996	1.4686603901068975
0.202248	1.4652783663988291
0.20256612499999996	1.4619060634217258
0.2028845	1.4585390544838328
0.20320312499999998	1.455177327128588
0.203522	1.4518252658374589
0.20384112500000004	1.4484828479023872
0.2041605	1.4451412706502327
0.20448012500000004	1.4418136918661841
0.2048	1.4384869292653126
0.205120125	1.4351741201471935
0.20544049999999994	1.431862102897354
0.20576112500000004	1.4285639943931911
0.20608200000000002	1.425266653625716
0.20640312499999997	1.421978811009709
0.2067245	1.4187004443877407
0.20704612499999997	1.4154271723525982
0.20736800000000002	1.4121589830380061
0.20769012500000006	1.4089002171692886
0.20801250000000002	1.4056508528314542
0.20833512499999998	1.4024065223655613
0.20865799999999993	1.399171556531273
0.20898112500000005	1.3959415945111135
0.2093045	1.3927166247042775
0.20962812499999997	1.3895009679342871
0.209952	1.386294602643188
0.21027612499999998	1.383093181631643
0.21060050000000002	1.379896693472196
0.21092512500000005	1.3767094458203861
0.21125000000000002	1.3735314173519653
0.21157512499999998	1.3703582744000222
0.21190049999999994	1.3671900057076054
0.21222612500000004	1.364030905841349
0.21255200000000002	1.3608809537073279
0.21287812499999997	1.3577358290861556
0.21320450000000002	1.3545998167868398
0.213531125	1.3514686032821674
0.21385800000000002	1.348346466895317
0.21418512500000006	1.3452291007703256
0.21451250000000002	1.3421207767639243
0.214840125	1.3390171946705756
0.21516799999999994	1.3359226198998562
0.21549612500000007	1.3328370318714382
0.21582450000000003	1.3297561403240383
0.21615312499999997	1.3266799345432512
0.21648199999999995	1.3236169303565102
0.216811125	1.3205543176392238
0.21714050000000001	1.3175048658564128
0.217470125	1.3144557843999578
0.21780000000000002	1.3114198234352579
0.21813012499999998	1.308388458929249
0.21846049999999995	1.305361680451236
0.21879112500000006	1.3023437182997977
0.219122	1.2993345524983635
0.219453125	1.2963299288339878
0.21978449999999994	1.2933340681337386
0.220116125	1.2903427226719215
0.22044800000000003	1.287360106979702
0.220780125	1.2843862013510545
0.22111250000000002	1.2814167677609458
0.221445125	1.2784560113385932
0.22177799999999995	1.275499700496454
0.22211112500000005	1.272552034114019
0.22244450000000002	1.2696087870215134
0.222778125	1.266678354446153
0.22311199999999995	1.2637481093124459
0.223446125	1.260830640077371
0.22378050000000002	1.257913338626577
0.224115125	1.2550087746583118
0.22445000000000004	1.2521085458601484
0.224785125	1.2492168263093368
0.22512049999999995	1.246329416325665
0.22545612500000006	1.2434504838275247
0.22579200000000002	1.240580009891958
0.22612812499999999	1.237713804319121
0.22646449999999996	1.234851857595575
0.226801125	1.2320024905154219
0.22713800000000003	1.229157350982866
0.227475125	1.2263164295963926
0.22781250000000003	1.2234880287499015
0.22815012499999998	1.220663815025316
0.22848799999999997	1.2178437791316832
0.22882612500000007	1.21503205847448
0.22916450000000002	1.2122286346299926
0.229503125	1.2094293486804788
0.22984199999999996	1.2066383289662161
0.230181125	1.2038555572125509
0.23052050000000004	1.201076883797256
0.230860125	1.1983064280345979
0.23120000000000004	1.195544171797401
0.23154012499999999	1.1927859747170553
0.23188049999999996	1.1900359471207493
0.23222112500000008	1.1872940710272277
0.23256200000000005	1.1845562152798845
0.232903125	1.1818223710427938
0.23324449999999997	1.1791007439174732
0.233586125	1.1763830986899222
0.23392800000000002	1.1736735278290065
0.234270125	1.170967915435382
0.23461250000000003	1.1682703480548153
0.234955125	1.1655808080833396
0.23529799999999995	1.1628951887240668
0.23564112500000006	1.1602175676763895
0.23598450000000004	1.1575479274767457
0.236328125	1.1548821703901193
0.23667199999999997	1.152224365307327
0.2370161249999999	1.1495744949037414
0.23736050000000003	1.1469284704659082
0.237705125	1.144290352113628
0.23804999999999996	1.1416601226597587
0.238395125	1.1390337023723682
0.23874049999999997	1.1364151426375664
0.239086125	1.1338044264042622
0.23943200000000003	1.1312015366706465
0.239778125	1.1286024056225665
0.24012449999999996	1.12600702512434
0.24047112499999992	1.1234234771042682
0.24081800000000003	1.120843651775867
0.241165125	1.1182675410987675
0.24151249999999996	1.1157032096357387
0.241860125	1.1131425652057263
0.24220799999999998	1.1105896303532727
0.242556125	1.1080403608774918
0.24290450000000005	1.1054987735983062
0.24325312500000001	1.1029648519948627
0.24360199999999996	1.1004385795936469
0.24395112499999994	1.0979159239030978
0.24430050000000006	1.0954008903545251
0.244650125	1.0928894522792176
0.24499999999999997	1.0903896168913063
0.245350125	1.087893350147774
0.24570049999999996	1.0854006444124358
0.246051125	1.0829194898514911
0.24640200000000004	1.080441869698753
0.24675312500000002	1.0779717696053799
0.24710449999999998	1.0755051831679008
0.24745612499999994	1.0730460904162615
0.24780800000000006	1.070594475383802
0.248160125	1.0681463402875138
0.24851249999999997	1.065709635798599
0.24886512500000002	1.063276385178556
0.24921799999999997	1.060846581089136
0.249571125	1.0584241868024626
0.24992450000000005	1.0560131543791398
0.250278125	1.0536015647980395
0.25063199999999997	1.0512013057715766
0.25098612499999995	1.0488044345489616
0.2513405000000001	1.0464149005516972
0.251695125	1.0440287344670436
0.25205	1.0416498801959613
0.252405125	1.039278322301828
0.2527605	1.036914045391443
0.253116125	1.0345530914282268
0.25347200000000003	1.0321993933294964
0.253828125	1.0298529358197486
0.2541845	1.027513703666327
0.2545411249999999	1.0251777500443053
0.25489800000000007	1.0228489969477352
0.255255125	1.0205235031277178
0.25561249999999996	1.0182091085201792
0.255970125	1.0158979485661797
0.256328	1.013593934396405
0.25668612500000004	1.0112931358779493
0.25704450000000006	1.0089994587263962
0.257403125	1.0067128880538716
0.257762	1.0044334090139704
0.25812112499999995	1.0021571025266647
0.25848050000000006	0.999887863533153
0.25884012500000003	0.997625677299259
0.2592	0.9953666329906901
0.2595601249999999	0.9931146175035774
0.2599205	0.9908696162148535
0.260281125	0.9886316145419849
0.260642	0.9863967125944257
0.261003125	0.984168786596345
0.2613645	0.9819478220748191
0.2617261249999999	0.9797338045969322
0.26208800000000004	0.9775228451542353
0.26245012500000003	0.9753188093568026
0.2628125	0.9731178136087455
0.26317512499999995	0.9709275848336041
0.263538	0.9687403729025055
0.263901125	0.9665600328688357
0.26426449999999996	0.964382691927372
0.26462812500000005	0.9622121998690596
0.264992	0.9600485425821885
0.26535612499999994	0.9578917059937907
0.2657205000000001	0.9557416760695072
0.26608512500000003	0.9535945934103705
0.26644999999999996	0.9514542947296039
0.26681512499999993	0.9493169259580513
0.2671805	0.9471863185959681
0.267546125	0.9450624587785378
0.267912	0.9429453326788237
0.26827812500000003	0.940834926507643
0.2686445	0.9387273994717575
0.26901112499999996	0.9366265701162902
0.26937800000000006	0.9345286029261574
0.26974512500000003	0.9324411305083764
0.2701125	0.9303564981891226
0.27048012499999996	0.9282785142095978
0.270848	0.926203353577871
0.27121612500000003	0.9241348193985306
0.2715845	0.9220728981849035
0.271953125	0.9200175764868891
0.272322	0.9179650397776256
0.272691125	0.9159190809400753
0.2730605000000001	0.9138796866226719
0.273430125	0.9118468435099591
0.2738	0.9098167474825335
0.27417012499999993	0.9077931812560245
0.2745405	0.9057761316122107
0.27491112500000003	0.9037618021971819
0.27528199999999997	0.901757748755896
0.27565312500000005	0.8997526163003204
0.2760245	0.897757733609964
0.27639612499999994	0.8957655340167031
0.27676800000000007	0.893779782570141
0.277140125	0.8918004662787138
0.2775125	0.8898275721857326
0.27788512499999996	0.8878573244966323
0.278258	0.8858934782408298
0.27863112500000004	0.8839360205554311
0.2790045	0.8819811832953146
0.27937812500000003	0.8800327140068516
0.279752	0.8780905999200457
0.28012612499999995	0.8761510805080387
0.2805005000000001	0.8742216411527927
0.28087512500000006	0.8722947760995547
0.28125	0.8703704801997217
0.281625125	0.8684562239254737
0.28200049999999993	0.866544516594334
0.28237612500000003	0.8646390859483337
0.282752	0.8627361891196815
0.28312812499999995	0.8608432767959212
0.2835045	0.8589528782999474
0.28388112499999996	0.8570649886274592
0.284258	0.8551870436933985
0.28463512500000004	0.8533115877519609
0.2850125	0.8514423313833611
0.28539012499999994	0.8495755492124696
0.2857679999999999	0.8477186575511985
0.28614612500000003	0.8458642204724272
0.2865245	0.8440122331123862
0.286903125	0.8421700971456946
0.287282	0.8403303914375342
0.28766112499999996	0.8384968095622799
0.28804050000000003	0.8366656434734222
0.288420125	0.8348442754216827
0.2888	0.8330253039068533
0.28918012499999995	0.8312087242020366
0.28956049999999994	0.8294019040541281
0.2899411250000001	0.8275974566181665
0.290322	0.8257990586165713
0.29070312499999995	0.8240030191697324
0.2910845	0.822216686777348
0.29146612499999996	0.8204326940475604
0.291848	0.8186510363867905
0.29223012500000006	0.8168790479225709
0.2926125	0.8151093757831416
0.29299512499999997	0.8133420154296552
0.2933779999999999	0.8115842866733696
0.29376112500000007	0.8098288511052848
0.29414450000000003	0.8080793616351388
0.294528125	0.806335806641894
0.294912	0.8045945219025462
0.29529612499999996	0.8028591532416505
0.2956805	0.801129689119392
0.29606512500000004	0.7994024725138615
0.29645	0.7976811421916511
0.296835125	0.7959656866934167
0.29722049999999994	0.794252456169888
0.29760612500000005	0.792548718418395
0.29799200000000003	0.7908471875810881
0.298378125	0.7891478593726967
0.2987645	0.7874579875308132
0.29915112499999996	0.7857703003971929
0.299538	0.7840847937379057
0.29992512500000007	0.7824087072848953
0.30031250000000004	0.7807347835240823
0.300700125	0.7790630182723098
0.3010879999999999	0.777400637309653
0.30147612500000004	0.7757403972110819
0.30186450000000004	0.774085904167401
0.30225312499999996	0.7724335390890495
0.302642	0.770790509239722
0.30303112499999996	0.7691495898975867
0.30342050000000004	0.7675107769987662
0.30381012500000004	0.7658776652345829
0.3042	0.7642502436413169
0.304590125	0.7626285012833415
0.30498049999999993	0.7610088354200623
0.3053711250000001	0.7593984211357536
0.30576200000000003	0.7577864789649146
0.30615312499999997	0.7561837666794083
0.30654449999999994	0.7545831012806017
0.306936125	0.7529844788497574
0.30732800000000005	0.7513950516555622
0.30772012499999996	0.7498076504998558
0.3081125	0.7482258450418647
0.308505125	0.7466460533400266
0.30889799999999995	0.7450754095196181
0.30929112500000006	0.7435031959881727
0.30968450000000003	0.7419401090852326
0.310078125	0.7403790070545501
0.3104719999999999	0.7388234460436414
0.310866125	0.737269857843146
0.31126050000000005	0.7357253495302329
0.311655125	0.7341827975293062
0.31205000000000005	0.7326421981258485
0.312445125	0.7311070962821061
0.31284049999999997	0.7295774815728698
0.3132361250000001	0.7280533435992752
0.313632	0.7265311300423142
0.314028125	0.7250143769712939
0.31442449999999994	0.7234995365775383
0.314821125	0.7219936757471045
0.31521800000000005	0.7204897114668349
0.315615125	0.7189876401560811
0.31601250000000003	0.71749098682377
0.316410125	0.7159997412537257
0.3168079999999999	0.7145138932554418
0.31720612500000006	0.7130299107285927
0.3176045	0.7115513098881653
0.318003125	0.7100745630926791
0.31840199999999996	0.7086031821723137
0.31880112499999996	0.7071371570471536
0.31920050000000005	0.7056764776625144
0.319600125	0.7042176252689754
0.32000000000000006	0.7027641029678671
0.320400125	0.7013123964347804
0.32080049999999993	0.6998660044186525
0.3212011250000001	0.6984249169734131
0.32160200000000005	0.6969856263953125
0.322003125	0.6955516249288993
0.3224044999999999	0.6941229026941392
0.322806125	0.6926959585828822
0.32320800000000005	0.6912742783592648
0.32361012499999997	0.689857852208705
0.32401250000000004	0.6884431855937359
0.32441512499999997	0.6870337578219275
0.32481799999999994	0.6856260787198113
0.3252211250000001	0.6842271015671111
0.32562450000000004	0.6828263818562966
0.326028125	0.6814343447000493
0.32643199999999994	0.6800440303620645
0.326836125	0.6786589053078016
0.32724050000000005	0.6772754923982287
0.327645125	0.6758972538363526
0.32805000000000006	0.674524180040048
0.328455125	0.6731528003508332
0.32886049999999994	0.6717865706014957
0.3292661250000001	0.6704220244378009
0.329672	0.6690626134560211
0.330078125	0.66770832817582
0.33048449999999996	0.6663591591401838
0.3308911249999999	0.6650116485790843
0.33129800000000004	0.6636657934363646
0.331705125	0.662328478868531
0.3321125	0.6609893631878347
0.332520125	0.659658769345008
0.33292799999999995	0.6583298061318908
0.333336125	0.6570059062191582
0.33374450000000006	0.6556836267469554
0.334153125	0.6543663962056679
0.33456199999999997	0.6530542053368649
0.3349711249999999	0.6517436176334485
0.3353805	0.6504380553381568
0.335790125	0.6491340861634208
0.33619999999999994	0.6478351281968873
0.336610125	0.6465411722772975
0.33702049999999995	0.6452487924306916
0.337431125	0.6439614005346608
0.33784200000000003	0.6426789874871058
0.338253125	0.6413981336043502
0.3386645	0.64011883604466
0.3390761249999999	0.6388479048974313
0.33948800000000007	0.6375785161423712
0.339900125	0.6363106669734301
0.34031249999999996	0.6350477548599073
0.340725125	0.633789770830775
0.34113799999999994	0.632533309784729
0.341551125	0.6312817630551949
0.34196450000000006	0.6300351217286603
0.34237812500000003	0.6287899869173237
0.342792	0.6275463558919915
0.3432061249999999	0.6263109977382673
0.34362050000000005	0.6250737459013134
0.344035125	0.623844749272243
0.34445	0.6226172333620025
0.344865125	0.6213911954962056
0.3452805	0.6201733844426444
0.345696125	0.6189536642964822
0.3461120000000001	0.6177421534811475
0.346528125	0.6165320979340595
0.3469445	0.615323495034687
0.34736112499999994	0.6141230733542723
0.3477780000000001	0.6129207274533893
0.348195125	0.6117231839101481
0.3486125	0.6105304340975586
0.349030125	0.6093424694092822
0.349448	0.6081559257313986
0.34986612500000003	0.6069708005157718
0.35028450000000005	0.6057937942587085
0.350703125	0.6046148438639808
0.351122	0.6034439953708008
0.3515411249999999	0.602271197714761
0.35196050000000006	0.6011064849702324
0.35238012500000004	0.599943159614322
0.35279999999999995	0.5987812191695491
0.353220125	0.597627336289972
0.35364049999999997	0.596471489868574
0.35406112500000003	0.5953236841952725
0.3544820000000001	0.594173910094563
0.35490312500000004	0.5930321599905333
0.3553245	0.5918917642757137
0.3557461249999999	0.5907527205415872
0.3561680000000001	0.5896183501075617
0.35659012500000004	0.5884886446729265
0.35701249999999995	0.5873602761677998
0.3574351249999999	0.5862365600459447
0.35785799999999995	0.5851141721937373
0.35828112500000003	0.5839964241636244
0.3587045	0.5828799957888012
0.359128125	0.5817681947295246
0.359552	0.5806577047564028
0.3599761249999999	0.5795518296465977
0.36040050000000007	0.5784505612466404
0.360825125	0.5773505892191375
0.36124999999999996	0.5762552115370211
0.36167512499999993	0.5751611217769296
0.3621005	0.5740716140512812
0.36252612500000003	0.5729833858414582
0.362952	0.5718997274083504
0.36337812500000005	0.5708173401288298
0.3638045	0.5697395104212087
0.36423112499999993	0.568662943548629
0.3646580000000001	0.5675909220957489
0.365085125	0.566523438083482
0.36551249999999996	0.5654539216296495
0.36594012499999995	0.5643922134277817
0.36636799999999997	0.5633317455392337
0.36679612500000003	0.5622757910067157
0.3672245	0.561221068626511
0.367653125	0.5601675762432512
0.36808199999999996	0.5591185811955791
0.36851112499999994	0.5580740756255993
0.36894050000000006	0.5570307860108812
0.36937012500000005	0.5559919740124118
0.36979999999999996	0.5549543699348711
0.37023012499999997	0.5539212316628254
0.3706605	0.5528892933190864
0.371091125	0.5518618090204951
0.37152199999999996	0.5508355166990484
0.37195312500000005	0.5498136667125263
0.3723845	0.5487930007931959
0.37281612499999994	0.5477767655484117
0.3732480000000001	0.5467617065018272
0.37368012500000003	0.5457510665189761
0.3741125	0.5447415949060478
0.3745451249999999	0.5437365307953306
0.374978	0.5427358665525832
0.37541112500000007	0.5417331197278296
0.37584449999999997	0.5407380005731186
0.376278125	0.5397440285298251
0.376712	0.5387512016156136
0.37714612499999994	0.5377627478142006
0.3775805000000001	0.5367754314740087
0.37801512500000006	0.5357924768795229
0.37845	0.5348106521179045
0.37888512499999993	0.5338331777828367
0.3793205	0.5328568256915522
0.37975612500000006	0.5318848127553362
0.380192	0.5309139145128546
0.38062812500000004	0.5299473442013682
0.3810645	0.5289818810723694
0.38150112499999994	0.5280207346974405
0.3819380000000001	0.5270606880323225
0.38237512500000004	0.5261049469912369
0.3828125	0.5251502982256268
0.38325012499999994	0.5241999440006412
0.3836879999999999	0.5232506746549077
0.38412612500000004	0.5223056888127643
0.3845645	0.5213617804915357
0.38500312499999995	0.5204189478493056
0.385442	0.5194803840615098
0.38588112499999994	0.5185460818392675
0.3863205	0.5176128425319538
0.38676012500000007	0.516680664326752
0.3872	0.5157527331667278
0.38764012499999995	0.5148290418167104
0.3880804999999999	0.5139032147910958
0.3885211250000001	0.5129848027060685
0.38896200000000003	0.5120674319045844
0.38940312499999996	0.5111511006167565
0.3898445	0.5102389839980552
0.390286125	0.5093278997694146
0.390728	0.5084178461790417
0.39117012500000004	0.5075119930127971
0.39161250000000003	0.5066103331513179
0.39205512499999995	0.5057096915392587
0.3924979999999999	0.5048132326169998
0.39294112500000006	0.5039146205502075
0.3933845	0.5030233467643274
0.393828125	0.5021330772306001
0.394272	0.5012438102526542
0.394716125	0.5003587013934804
0.3951605	0.49947458815732015
0.39560512500000006	0.49859462257128606
0.39605	0.49771564571062954
0.39649512499999995	0.49683765590989537
0.3969404999999999	0.49596379990416867
0.3973861250000001	0.4950909241070854
0.397832	0.49422217173752253
0.398278125	0.49335753586534986
0.39872450000000004	0.4924907268849139
0.39917112499999996	0.4916311672073125
0.39961800000000003	0.49076943117414784
0.4000651250000001	0.48991179459049056
0.4005125	0.4890582505857548
0.40096012499999995	0.48820565972898616
0.40140799999999993	0.4873540204245132
0.40185612500000006	0.48650646016170807
0.4023045	0.48565984478213947
0.402753125	0.4848172983016577
0.403202	0.48397569006892693
0.40365112499999994	0.48313501851759066
0.40410050000000003	0.48229840246469957
0.4045501250000001	0.48146271650191724
0.405	0.48063107599192834
0.405450125	0.4798003590138771
0.40590049999999994	0.47897367748369385
0.4063511250000001	0.47814791296019954
0.406802	0.4773230639184389
0.407253125	0.47650223711556194
0.4077045	0.47568231931246696
0.408156125	0.47486641383848543
0.408608	0.47405141091480696
0.40906012500000005	0.47324041045047033
0.4095125	0.4724303061192436
0.409965125	0.4716210964366432
0.41041799999999995	0.4708158761924906
0.41087112500000006	0.47001154422218694
0.41132450000000004	0.46920809905670174
0.411778125	0.46840863038346614
0.41223199999999993	0.4676131316333852
0.41268612499999996	0.4668185085010807
0.4131405	0.4660247595416391
0.41359512499999995	0.46523188331332394
0.41405000000000003	0.46444296103861243
0.414505125	0.4636579862035777
0.41496049999999995	0.4628738730313696
0.4154161250000001	0.46209062010400204
0.415872	0.4613082260065987
0.416328125	0.46052976354278286
0.41678449999999995	0.4597552262531343
0.417241125	0.45897846599220904
0.417698	0.45820869391877056
0.41815512499999996	0.45743669609412635
0.41861250000000005	0.4566686077988545
0.41907012499999996	0.45590135848588226
0.41952799999999996	0.4551380092502726
0.4199861250000001	0.454375492910719
0.42044450000000005	0.45361686723407785
0.420903125	0.4528560109352303
0.42136199999999996	0.4521020950496736
0.42182112499999996	0.45134594584276067
0.42228050000000006	0.45059367190326677
0.42274012499999997	0.4498452669093853
0.4232	0.4490946262453328
0.423660125	0.44835089604707745
0.42412049999999996	0.44760492753030656
0.4245811250000001	0.4468628127195235
0.42504200000000003	0.4461215028054983
0.425503125	0.4453840373700262
0.4259644999999999	0.4446473709220246
0.426426125	0.44391150216373404
0.42688800000000005	0.443179465754263
0.42735012499999997	0.442448221163515
0.42781250000000004	0.4417207997794069
0.428275125	0.4409941643719429
0.42873799999999995	0.4402683136679425
0.42920112500000007	0.439543246396974
0.42966450000000006	0.4388219874203119
0.430128125	0.43810453057898985
0.4305919999999999	0.43738482399121326
0.431056125	0.43666891377192196
0.43152050000000003	0.43595679379135027
0.43198512499999997	0.43524543994308695
0.43245000000000006	0.4345348509914345
0.432915125	0.43382502570335196
0.43338049999999995	0.433118975975784
0.4338461250000001	0.4324136842189379
0.43431200000000003	0.4317121591072722
0.434778125	0.4310113863013562
0.4352444999999999	0.4303113645916951
0.435711125	0.42961509782928714
0.43617800000000007	0.4289165730853066
0.436645125	0.42822479951077097
0.43711250000000007	0.4275307655640678
0.437580125	0.42684047213633614
0.43804799999999994	0.4261539132331545
0.4385161250000001	0.425465092010007
0.43898450000000006	0.42477999975460146
0.439453125	0.42409863050058966
0.4399219999999999	0.4234149970117194
0.4403911249999999	0.42273807005091635
0.44086050000000004	0.42205887653570395
0.441330125	0.4213833918177949
0.44179999999999997	0.4207086257006493
0.442270125	0.42003457703817393
0.4427404999999999	0.41936422579356625
0.443211125	0.4186945865524047
0.4436820000000001	0.4180256581809259
0.444153125	0.41736041591016065
0.4446245	0.41669587909249284
0.4450961249999999	0.4160350198141664
0.4455680000000001	0.4153718889656358
0.446040125	0.4147124302742251
0.4465125	0.41405663791111313
0.446985125	0.41339857222257764
0.44745799999999997	0.4127441675142109
0.447931125	0.4120934179841425
0.44840450000000004	0.41144335562358847
0.448878125	0.4107939793446814
0.449352	0.4101452880618493
0.4498261249999999	0.4095002382263906
0.45030050000000005	0.4088558681062487
0.450775125	0.40821217662762344
0.45125	0.40756916271897564
0.451725125	0.4069297766224895
0.45220049999999995	0.406294012616064
0.452676125	0.40565596857018005
0.45315200000000005	0.4050215413999231
0.453628125	0.4043877802949368
0.45410449999999997	0.4037576277761584
0.4545811249999999	0.40312813614098636
0.4550580000000001	0.40249930435029563
0.45553512500000004	0.4018711313671384
0.4560125	0.40124655356150385
0.456490125	0.4006226294218093
0.456968	0.39999935792242836
0.45744612500000004	0.3993796708381548
0.45792450000000007	0.3987606312847949
0.458403125	0.3981422382479398
0.45888199999999996	0.39752741892151056
0.4593611249999999	0.3969132410341282
0.4598405000000001	0.3962997035824989
0.460320125	0.3956868055654208
0.4608	0.39507746808955935
0.46128012500000004	0.3944687650098207
0.46176049999999996	0.3938636144010817
0.46224112500000003	0.3932561756270362
0.4627220000000001	0.39265228431694593
0.46320312500000005	0.39204902042639883
0.46368449999999994	0.39144929598075456
0.46416612499999993	0.3908501939787489
0.46464800000000006	0.3902517134518489
0.465130125	0.3896538534335306
0.4656125	0.38905951992461046
0.466095125	0.3884658019863884
0.466578	0.38787560261906623
0.467061125	0.3872831114543474
0.4675445000000001	0.38669413395324376
0.468028125	0.38610576521441514
0.468512	0.38552090225067936
0.46899612499999993	0.38493374671225355
0.4694805000000001	0.38435009207897686
0.46996512500000004	0.38376993293428635
0.47045	0.38318747991082636
0.4709351249999999	0.38260851753607794
0.47142049999999996	0.3820301514150624
0.471906125	0.38145526814291164
0.472392	0.38088097631445655
0.47287812500000004	0.3803072750174445
0.47336449999999997	0.37973416334149834
0.47385112499999993	0.37916164037811095
0.4743380000000001	0.37859258532490253
0.474825125	0.3780241142173619
0.47531249999999997	0.3774591033074198
0.4758001249999999	0.37689179592321725
0.476288	0.37632794399898933
0.47677612500000005	0.3757646694960868
0.4772645	0.3752048427885311
0.47775312500000006	0.37464558879371984
0.478242	0.37408690663325905
0.4787311249999999	0.37352879543055045
0.4792205000000001	0.3729712543107862
0.47971012500000004	0.3724171463331056
0.48019999999999996	0.3718636037717288
0.4806901249999999	0.3713134867729348
0.4811805	0.37076107099274186
0.48167112500000003	0.3702120761369822
0.482162	0.36966364033912047
0.482653125	0.3691186179329625
0.4831445	0.36857129623978024
0.4836361249999999	0.3680273833348484
0.4841280000000001	0.3674840231869336
0.48462012500000007	0.3669440643408969
0.4851125	0.3664046536764299
0.4856051249999999	0.36586294386342244
0.486098	0.365327473556414
0.48659112500000007	0.3647897024371967
0.4870845	0.36425531834196156
0.48757812500000003	0.36372147539517713
0.488072	0.36318817277526205
0.48856612499999996	0.36265540966229676
0.4890605000000001	0.3621260216602151
0.48955512500000004	0.36159716866369396
0.49005	0.36106884986211896
0.4905451249999999	0.36054389657326735
0.4910405	0.36001947300519144
0.49153612500000005	0.3594955783564985
0.49203199999999997	0.3589722118274111
0.49252812500000004	0.35844937261976356
0.4930245	0.35792988493352457
0.49352112499999995	0.3574109201337337
0.4940180000000001	0.35689247743132685
0.49451512500000006	0.35637737677442394
0.4950125	0.35585997448848156
0.49551012499999997	0.35534590984577075
0.496008	0.35483236133221924
0.4965061250000001	0.3543221432452253
0.4970045	0.3538096232490398
0.49750312500000005	0.3533004293095432
0.498002	0.35279174558441473
0.49850112499999993	0.35228638074288804
0.4990005000000001	0.3517787137424928
0.4995001250000001	0.35127436128792194
0.5	0.3507705131858058
0.500500125	0.3502699724996347
0.5010004999999998	0.3497671294349773
0.5015011250000001	0.3492675894802705
0.502002	0.3487685480684328
0.5025031249999999	0.3482700044535146
0.5030044999999999	0.34777475472211195
0.5035061249999998	0.3472772030755924
0.504008	0.34678294104381147
0.5045101249999999	0.34628917105984725
0.5050124999999999	0.3457986836545247
0.5055151250000001	0.34530589417645663
0.506018	0.34481638303937173
0.5065211249999999	0.34432735825214994
0.5070245000000001	0.34384160481183784
0.5075281250000001	0.34335354916992705
0.508032	0.34286876066808875
0.508536125	0.34238445286878066
0.5090405000000001	0.3419006250573808
0.509545125	0.34141727652068266
0.51005	0.34093718399397227
0.510555125	0.3404575665711974
0.5110604999999999	0.33997842354745583
0.5115661250000001	0.3394997542192395
0.512072	0.33902432984248493
0.512578125	0.33854937502067034
0.5130844999999999	0.3380721198368329
0.5135911249999998	0.33760087126205895
0.514098	0.33712732093878756
0.514605125	0.3366570025247074
0.5151124999999999	0.336184383713448
0.5156201250000001	0.3357149927115063
0.516128	0.33524882475341605
0.516636125	0.33478035570964654
0.5171445000000001	0.33431510563401357
0.517653125	0.3338503128066122
0.518162	0.33338597655369734
0.518671125	0.3329220962028473
0.5191805000000002	0.3324614239991041
0.5196901250000001	0.33199845209026296
0.5202	0.33153868429265715
0.5207101249999999	0.33107936702694507
0.5212204999999999	0.3306232471547851
0.5217311250000001	0.3301648276236149
0.522242	0.3297096014790224
0.5227531249999999	0.32925482054337313
0.5232644999999999	0.32880048416386815
0.5237761249999998	0.3283493325014425
0.524288	0.3278958819426411
0.524800125	0.32744561212772433
0.5253125	0.326995781600432
0.5258251250000001	0.3265463897182175
0.526338	0.32609743583978684
0.526851125	0.32565165212738584
0.5273645000000001	0.32520630247896953
0.5278781250000001	0.3247613862608681
0.528392	0.3243169028406442
0.528906125	0.3238728515870904
0.5294205000000002	0.3234319580330552
0.5299351250000001	0.32299149273890726
0.53045	0.3225514550809673
0.5309651249999999	0.32211184443676627
0.5314804999999999	0.32167266018504265
0.531996125	0.3212366212612906
0.532512	0.3208010048558756
0.533028125	0.3203658103549694
0.5335444999999999	0.3199310371459325
0.5340611249999998	0.31949668461731073
0.534578	0.31906546513905604
0.535095125	0.31863195083037826
0.5356124999999999	0.3182015657350915
0.5361301249999999	0.31777159627002716
0.536648	0.31734474957621384
0.5371661249999999	0.3169156082612165
0.5376844999999999	0.3164895859075172
0.5382031250000001	0.31606397417777315
0.538722	0.3156387724785975
0.539241125	0.3152139802177454
0.5397605000000002	0.31478959680411256
0.5402801250000001	0.31436832027356276
0.5408000000000001	0.31394744881659997
0.5413201249999999	0.31352698184926425
0.5418405	0.3131069187887175
0.5423611250000001	0.31268725905324085
0.5428820000000001	0.3122706942134327
0.543403125	0.31185183809620376
0.5439244999999999	0.3114360731368542
0.5444461249999999	0.3110207066106233
0.544968	0.31060842493887253
0.5454901249999999	0.31019385227633267
0.5460124999999999	0.30978236075658094
0.5465351249999999	0.30936857968156245
0.547058	0.3089578760469131
0.547581125	0.3085475648667641
0.5481044999999999	0.30814032487355997
0.5486281250000001	0.30773079563781836
0.5491520000000001	0.3073243339123697
0.549676125	0.30691825984712645
0.5502005000000002	0.3065125728877603
0.5507251250000001	0.30610727248099967
0.55125	0.3057023580746265
0.551775125	0.30530049948544263
0.5523005	0.30489902325457385
0.5528261250000001	0.30449792883657323
0.5533520000000001	0.30409721568703085
0.553878125	0.3036968832625711
0.5544045	0.3032969310208507
0.5549311249999999	0.30290002118424914
0.555458	0.30250348792244514
0.555985125	0.3021073306997704
0.5565125	0.30171154898157204
0.5570401249999999	0.30131614223421055
0.5575680000000001	0.3009211099250567
0.5580961249999999	0.3005291067250939
0.5586245	0.3001374743890856
0.5591531250000001	0.2997462123909836
0.559682	0.2993553202057343
0.560211125	0.298964797309276
0.5607405000000002	0.29857729211295697
0.5612701250000001	0.2981875049757652
0.5618000000000001	0.2978007319977132
0.562330125	0.297414323727797
0.5628605	0.29702827965040673
0.5633911250000001	0.29664259925090375
0.563922	0.29625992346717334
0.564453125	0.295874967640368
0.5649844999999999	0.2954930129211616
0.5655161249999999	0.2951114173507274
0.5660480000000001	0.2947301804227467
0.566580125	0.29434930163185186
0.5671124999999999	0.29397141448447056
0.5676451249999999	0.2935912492193947
0.5681779999999998	0.2932140721220637
0.568711125	0.2928372486835206
0.5692444999999999	0.29246077840658824
0.5697781249999999	0.29208466079502066
0.570312	0.2917088953535013
0.570846125	0.2913361069704683
0.5713805	0.2909610431588402
0.5719151250000001	0.29058895296606463
0.57245	0.29021721052113275
0.572985125	0.2898458153367753
0.5735205	0.289474766926633
0.5740561250000001	0.2891066828374996
0.5745920000000001	0.28873632529924137
0.575128125	0.28836892867388697
0.5756644999999999	0.2880018744498609
0.5762011249999999	0.28763516214872636
0.5767380000000001	0.28726879129293725
0.577275125	0.286905372128546
0.5778125	0.28653968152007414
0.5783501249999999	0.28617693922602294
0.5788879999999998	0.2858145340530629
0.579426125	0.28545246553144793
0.5799645	0.28509073319230427
0.5805031249999999	0.2847293365676285
0.5810420000000001	0.2843682751902854
0.581581125	0.28401014963392374
0.5821204999999999	0.28364975614800264
0.5826601250000001	0.28329229514474646
0.5832	0.28293516512390077
0.583740125	0.2825783656259805
0.5842805	0.2822244912169122
0.5848211250000002	0.28186835019005185
0.585362	0.2815151309400658
0.585903125	0.2811596465609333
0.5864444999999999	0.28080708065449717
0.5869861249999999	0.2804548401434523
0.587528	0.2801029245775282
0.588070125	0.27975392015694034
0.5886125	0.2794026519417621
0.5891551249999999	0.27905429159371076
0.5896979999999998	0.27870366894252596
0.590241125	0.27835595088793763
0.5907844999999999	0.2780085527211642
0.5913281249999999	0.27766147400098085
0.5918720000000001	0.27731729261560545
0.5924161250000001	0.2769708502838217
0.5929605	0.2766273020419212
0.5935051250000002	0.27628149434769456
0.5940500000000001	0.27593857750598666
0.594595125	0.2755959751226388
0.5951405	0.2752536867653069
0.5956861250000002	0.27491171200243886
0.5962320000000001	0.27457261928747734
0.596778125	0.2742312692463501
0.5973244999999999	0.2738927980447399
0.597871125	0.27355463637326377
0.5984180000000001	0.27321678380752024
0.598965125	0.27287923992388347
0.5995125	0.27254200429950104
0.6000601249999999	0.2722050765122929
0.6006079999999998	0.27187101564966354
0.601156125	0.2715347011065156
0.6017045	0.27120125031550474
0.602253125	0.2708681033520939
0.6028019999999998	0.270535259801218
0.603351125	0.27020271924856765
0.6039005	0.26987048128058766
0.604450125	0.2695410968455945
0.6050000000000001	0.2692094616495868
0.605550125	0.268880676845898
0.6061004999999999	0.2685521906660092
0.6066511250000002	0.2682240027032605
0.6072020000000001	0.26789611255173035
0.607753125	0.2675685198062332
0.6083045	0.26724122406231865
0.608856125	0.2669167670291381
0.6094080000000001	0.26659006292664783
0.6099601250000001	0.2662661944290951
0.6105125	0.26594261902520533
0.6110651249999999	0.26561933631729384
0.6116179999999999	0.2652963459083949
0.612171125	0.26497364740226037
0.6127245	0.2646512404033581
0.6132781249999999	0.2643316574482933
0.6138319999999998	0.2640123629254985
0.614386125	0.2636908257982577
0.6149405	0.2633721081107629
0.6154951249999999	0.26305367768571747
0.6160500000000001	0.26273553413492867
0.6166051250000001	0.26241767707090347
0.6171605	0.26210263105873705
0.6177161250000002	0.2617853446727163
0.6182720000000002	0.26147086629743044
0.6188281250000001	0.2611541490518743
0.6193845	0.26084023678277507
0.619941125	0.26052660642860087
0.6204980000000001	0.26021325760975356
0.621055125	0.2599027069697936
0.6216125	0.25958991895681927
0.6221701249999999	0.25927741134547017
0.6227279999999998	0.25896769739824516
0.623286125	0.25865826084819615
0.6238445	0.2583465899337775
0.624403125	0.2580377081848761
0.6249619999999999	0.2577291027166087
0.625521125	0.2574207731584604
0.6260805	0.2571152260409817
0.6266401249999999	0.25680744607452266
0.6272000000000001	0.25650244557370405
0.6277601250000001	0.256195213728798
0.6283205	0.25589075838112285
0.6288811250000002	0.2555865745050015
0.6294420000000002	0.25528266173750425
0.6300031250000001	0.2549790197163478
0.6305645	0.254675648079894
0.631126125	0.25437504332656213
0.6316880000000001	0.2540722102664707
0.6322501250000001	0.25377214115000857
0.6328125	0.2534698452313825
0.6333751249999999	0.25317031032339127
0.6339379999999999	0.25287104143219225
0.6345011250000001	0.25257203820356866
0.6350645	0.25227330028393224
0.635628125	0.25197482732032217
0.6361919999999999	0.25167910585894143
0.6367561249999998	0.25138116064914273
0.6373205	0.25108596403700634
0.6378851249999999	0.2507910287764522
0.6384499999999999	0.2504938720236057
0.639015125	0.2501994595240133
0.6395805	0.24990530733609173
0.6401461249999999	0.24961141511475243
0.6407120000000002	0.24932026062642756
0.641278125	0.24902688621133656
0.6418445	0.2487362466558803
0.642411125	0.248443388677843
0.6429780000000002	0.24815326269233573
0.643545125	0.24786339243709335
0.6441125	0.24757377757414636
0.6446801249999999	0.24728441776612053
0.6452479999999999	0.2469953126762355
0.6458161250000001	0.24670670879818068
0.6463845	0.24641909891339173
0.6469531249999999	0.24613174187245762
0.6475219999999999	0.24584513035116423
0.6480911249999999	0.24555901697100077
0.6486605	0.24527340107594275
0.649230125	0.24498828201111753
0.6497999999999999	0.24470365912280106
0.6503701250000001	0.24441953175841563
0.6509405	0.24413589926652757
0.651511125	0.24385276099684455
0.6520820000000002	0.24357036194132947
0.6526531250000001	0.24328821006223067
0.6532245	0.24300655046137704
0.653796125	0.24272562781191034
0.6543680000000002	0.24244495072420014
0.6549401250000001	0.2421650090855053
0.6555125	0.24188531193732457
0.6560851249999999	0.24160634874065706
0.6566579999999999	0.2413278737511027
0.6572311250000001	0.2410496416529479
0.6578045	0.24077214126918586
0.6583781249999999	0.24049512717957525
0.6589519999999999	0.2402183543914364
0.6595261249999999	0.2399423110914111
0.6601005	0.2396667521825564
0.6606751249999999	0.2393916770327831
0.6612499999999999	0.239117085011101
0.6618251250000001	0.23884297548761677
0.6624005000000001	0.23856910411315385
0.6629761249999999	0.23829595780658916
0.6635520000000001	0.23802329211500842
0.6641281250000001	0.23775110641288255
0.6647045	0.23747940007576734
0.6652811249999999	0.23720817248030118
0.6658580000000002	0.23693742300420292
0.6664351250000001	0.23666715102626945
0.6670125	0.23639711305004843
0.6675901249999999	0.23612779431423112
0.6681679999999999	0.23585895121932288
0.6687461250000001	0.23559058314840942
0.6693245	0.23532268948564294
0.6699031249999999	0.23505526961623965
0.6704819999999999	0.2347880806793661
0.6710611249999998	0.23452160666113478
0.6716405000000001	0.2342556045981867
0.672220125	0.23398983194624604
0.6728	0.23372477206754855
0.6733801249999999	0.23346018231554969
0.6739605000000001	0.23319582046170068
0.674541125	0.23293216924596113
0.6751219999999999	0.2326687449245553
0.6757031250000001	0.2324060298234776
0.6762845000000001	0.23214354061672596
0.676866125	0.2318815181150554
0.6774480000000002	0.23162020271545686
0.6780301250000002	0.23135911171723197
0.6786125000000001	0.23109848562300145
0.679195125	0.23083832383443306
0.6797779999999999	0.2305786257542212
0.6803611250000001	0.23031939078608415
0.6809445000000001	0.23006061833476224
0.6815281249999999	0.22980230780601543
0.6821119999999999	0.2295444586066213
0.6826961249999999	0.22928707014437255
0.6832805000000001	0.2290299018604491
0.683865125	0.22877343320251467
0.6844499999999999	0.22851742351108714
0.6850351249999999	0.22826163253789233
0.6856205000000001	0.2280062995605372
0.686206125	0.22775166344813094
0.686792	0.22749724460203216
0.6873781250000001	0.22724328199559324
0.6879645000000001	0.22698977504538762
0.6885511249999999	0.2267367231689828
0.6891380000000001	0.22648412578493868
0.6897251250000002	0.22623174346890992
0.6903125000000001	0.22598005343086106
0.690900125	0.22572857750598782
0.6914879999999999	0.22547779249968186
0.6920761250000002	0.22522722065530215
0.6926645	0.22497710003776997
0.693253125	0.22472743007227403
0.693842	0.22447821018497888
0.6944311249999998	0.2242294398030231
0.6950205	0.2239811183545169
0.695610125	0.2237332452685402
0.6961999999999999	0.22348558224450085
0.6967901249999998	0.22323860427538242
0.6973805000000001	0.2229918354324021
0.697971125	0.22274551287888278
0.6985619999999999	0.22249963604846723
0.6991531250000002	0.22225420437575605
0.6997445000000001	0.222009217296306
0.700336125	0.2217644372190354
0.7009280000000002	0.22152033773668664
0.7015201250000002	0.22127644433241508
0.7021125	0.2210329934729193
0.702705125	0.22079022122596653
0.703298	0.2205474171494116
0.7038911250000002	0.2203052905683364
0.7044845000000001	0.22006360429790678
0.705078125	0.21982212155275746
0.705672	0.21958131433543251
0.7062661249999999	0.21934070973251002
0.7068605000000001	0.21910054341954383
0.707455125	0.21886081484383538
0.70805	0.21862152345361505
0.7086451249999999	0.21838243306414246
0.7092404999999998	0.21814377895724296
0.709836125	0.21790579601980806
0.710432	0.21766801273248848
0.7110281249999999	0.21743066408285655
0.7116245000000001	0.2171935143843139
0.712221125	0.2169570334700266
0.712818	0.21672075061345647
0.7134151250000001	0.21648513525556096
0.7140125	0.21624971706532894
0.714610125	0.21601449579537316
0.715208	0.2157799402993138
0.7158061250000002	0.21554581529021732
0.7164045000000001	0.21531188587427813
0.717003125	0.21507838606299115
0.717602	0.21484531531845402
0.7182011249999999	0.2146126731036621
0.7188005000000001	0.21438022491907432
0.7194001250000001	0.21414843825386534
0.72	0.21391684474421072
0.7206001249999999	0.21368567781986614
0.7212004999999998	0.21345470337422623
0.721801125	0.21322438812022668
0.722402	0.21299426447625538
0.7230031249999999	0.21276479876821283
0.7236045000000001	0.21253552380473212
0.724206125	0.21230643934807614
0.7248079999999999	0.21207801114454874
0.7254101250000001	0.21184977258668636
0.7260125000000001	0.2116219562368846
0.726615125	0.21139456156979114
0.7272179999999999	0.21116758806092506
0.7278211250000002	0.21094080267763607
0.7284245000000001	0.21071467001157462
0.729028125	0.21048872461894255
0.729632	0.2102629662671985
0.7302361249999999	0.21003785897268404
0.7308405000000001	0.2098129378711343
0.731445125	0.209588434663968
0.73205	0.20936434883313415
0.7326551249999999	0.2091406798614378
0.7332604999999999	0.20891719558748853
0.733866125	0.2086943588814997
0.734472	0.20847170603417925
0.7350781249999999	0.208249236818073
0.7356845000000001	0.2080274135323265
0.736291125	0.20780577304286005
0.7368979999999999	0.20758454619642858
0.7375051250000002	0.2073637324821515
0.7381125000000001	0.20714310050755697
0.7387201250000001	0.2069231116232832
0.739328	0.2067033036509208
0.7399361250000002	0.20648367636739712
0.7405445	0.206264690556013
0.7411531250000001	0.20604588460977152
0.7417619999999999	0.2058274886209205
0.7423711249999999	0.20560950208479328
0.7429805000000002	0.2053916943727317
0.743590125	0.2051745253257151
0.7442	0.20495753428611402
0.7448101249999999	0.20474072103515667
0.7454204999999998	0.20452454485017899
0.746031125	0.20430854564120204
0.7466419999999999	0.20409295275085365
0.7472531249999999	0.20387776568058344
0.7478644999999998	0.20366275456049318
0.748476125	0.2034481484532965
0.749088	0.203233946862654
0.7497001249999999	0.20301992020185278
0.7503125000000002	0.20280652625204823
0.7509251250000001	0.20259330643031379
0.7515379999999999	0.20238026052360517
0.7521511250000001	0.20216784575445623
0.7527645000000001	0.20195560410247862
0.753378125	0.20174376388741094
0.753992	0.20153209618066176
0.7546061249999999	0.20132105746212345
0.7552205000000001	0.2011101904593853
0.755835125	0.20089949496295278
0.75645	0.20068942689725744
0.7570651249999999	0.20047952954920992
0.7576804999999999	0.20027003059231038
0.7582961250000001	0.2000607017523064
0.758912	0.19985199821518404
0.7595281249999999	0.1996434640115604
0.7601444999999999	0.19943509893543365
0.760761125	0.19922735762046317
0.761378	0.19901978465339795
0.7619951249999999	0.1988123798296838
0.7626125000000001	0.19860559723198912
0.7632301250000001	0.19839898200183612
0.763848	0.19819276089578114
0.7644661250000002	0.19798670656781436
0.7650845000000002	0.1977810455918953
0.765703125	0.1975757774912337
0.766322	0.19737090178980943
0.7669411249999999	0.19716619151083273
0.7675605000000001	0.19696187286416764
0.7681801250000001	0.1967579453758743
0.7688	0.19655418234523286
0.7694201249999999	0.1963508097097432
0.7700404999999999	0.1961478269975335
0.7706611250000001	0.19594500778327975
0.771282	0.1957425777327694
0.7719031249999999	0.19554053637618718
0.7725244999999998	0.19533865756293284
0.773146125	0.19513716668773098
0.773768	0.19493606328281082
0.7743901249999999	0.19473512147162697
0.7750125000000001	0.19453456637848834
0.7756351250000001	0.19433439753765666
0.776258	0.19413438934597488
0.7768811250000002	0.19393476665798084
0.7775045000000002	0.19373552900995727
0.7781281250000001	0.19353645107147113
0.778752	0.19333775742793186
0.779376125	0.1931394476176313
0.7800005000000001	0.19294129658219888
0.780625125	0.19274352863855565
0.78125	0.19254614332699146
0.7818751249999999	0.19234891586053843
0.7825004999999998	0.19215207028826728
0.7831261250000001	0.19195538200370868
0.783752	0.1917592989368776
0.7843781249999999	0.1915633724233932
0.7850044999999999	0.19136760227584146
0.7856311249999998	0.19117221209821594
0.786258	0.19097720143600733
0.786885125	0.19078234622271237
0.7875124999999998	0.19058809331979473
0.7881401250000001	0.19039377170381278
0.788768	0.19020005149382307
0.7893961249999999	0.19000648545829418
0.7900245000000001	0.1898130734132469
0.7906531250000001	0.1896202613334922
0.791282	0.18942737953189695
0.7919111249999999	0.18923509679753395
0.7925405000000002	0.1890429667897272
0.7931701250000001	0.18885121205160127
0.7938000000000001	0.18865960949977542
0.794430125	0.18846838150146555
0.7950604999999998	0.18827752761112834
0.795691125	0.18808682501202398
0.796322	0.18789649580812895
0.7969531249999999	0.18770653955580546
0.7975844999999999	0.1875167337043152
0.7982161249999998	0.1873273000950145
0.798848	0.18713801635407556
0.799480125	0.18694910414804855
0.8001124999999999	0.18676056303637817
0.8007451250000001	0.18657217091017722
0.801378	0.18638414917440393
0.8020111249999999	0.18619649739038016
0.8026445000000002	0.18600899371352614
0.8032781250000001	0.18582163796856713
0.8039120000000001	0.18563487244447183
0.804546125	0.18544825415374191
0.8051805000000002	0.1852617829223428
0.8058151250000001	0.18507567954709686
0.80645	0.18488994359352845
0.807085125	0.18470435383118672
0.8077204999999998	0.18451913079734023
0.8083561250000001	0.18433427405935596
0.808992	0.184149562648996
0.8096281249999999	0.18396521684458142
0.8102644999999998	0.18378101585226767
0.8109011249999998	0.18359717977801243
0.811538	0.18341370819216316
0.812175125	0.1832303805620502
0.8128124999999999	0.18304741673569033
0.8134501250000001	0.1828645963541179
0.814088	0.18268213909365572
0.814726125	0.18249982476876775
0.8153645000000002	0.18231809255714135
0.816003125	0.1821362830148352
0.816642	0.1819548352344206
0.8172811249999999	0.18177374879146038
0.8179205000000002	0.18159302326218124
0.8185601250000001	0.1814124389798965
0.8192	0.1812319957790823
0.8198401250000003	0.18105213163919034
0.8204805	0.18087218892161291
0.8211211250000001	0.18069282442255105
0.8217619999999998	0.1805135998333949
0.822403125	0.180334514990507
0.8230445000000002	0.1801557883759886
0.8236861249999998	0.1799774195711856
0.8243280000000001	0.17979918968289715
0.824970125	0.17962131693905667
0.8256124999999999	0.17944358261758497
0.8262551250000001	0.1792662047772307
0.826898	0.17908918300219184
0.827541125	0.17891229882666715
0.8281844999999999	0.17873577005621674
0.8288281250000001	0.17855937839549094
0.8294720000000001	0.1783833414815166
0.830116125	0.17820744118912857
0.8307605000000002	0.17803189498707994
0.8314051249999999	0.17785648492012404
0.8320500000000001	0.17768142828899916
0.8326951250000003	0.17750672468289266
0.8333404999999999	0.17733215640103575
0.8339861250000001	0.17715794049272654
0.8346319999999997	0.17698385942645162
0.835278125	0.1768101300841391
0.8359245000000002	0.1766365351032669
0.8365711249999999	0.17646329119864984
0.837218	0.17629039796332152
0.837865125	0.17611763828785054
0.8385124999999999	0.17594501201753443
0.8391601250000001	0.1757729520695498
0.839808	0.17560080843159062
0.840456125	0.17542923030689647
0.8411044999999999	0.17525756818526286
0.8417531250000001	0.17508647076993514
0.8424020000000001	0.17491550517079799
0.843051125	0.17474467123558007
0.8437005000000002	0.1745741847646349
0.8443501249999998	0.17440382948758817
0.8450000000000001	0.1742340368256085
0.8456501250000003	0.17406415901984332
0.8463004999999999	0.17389462740928247
0.8469511250000001	0.1737254415949303
0.8476019999999997	0.1735563857236
0.8482531249999999	0.173387675017741
0.8489045000000002	0.1732190937905511
0.8495561249999999	0.173050857099903
0.8502080000000001	0.17288274942512208
0.850860125	0.17271498565975454
0.8515124999999999	0.17254756540850238
0.8521651250000002	0.17238027339949544
0.8528180000000001	0.17221310948544194
0.853471125	0.1720462882319847
0.8541245	0.1718798092458638
0.8547781250000002	0.17171345758592732
0.8554320000000001	0.1715472331061589
0.856086125	0.17138135004529384
0.8567405000000002	0.1712158080120956
0.8573951249999998	0.17105039239511216
0.8580500000000001	0.17088531718864175
0.8587051250000003	0.17072036794570156
0.8593605	0.17055575849787824
0.8600161250000001	0.17039127456240544
0.8606719999999998	0.17022712980840418
0.861328125	0.1700631101170726
0.8619845000000003	0.1698994289953117
0.8626411249999999	0.1697358724880327
0.8632980000000001	0.1695726539401618
0.8639551249999997	0.16940977296604756
0.8646124999999999	0.1692468025309591
0.8652701250000001	0.16908438246815893
0.8659279999999998	0.16892208582485943
0.866586125	0.16875991246043823
0.8672445	0.16859807523536366
0.8679031249999999	0.16843636084689256
0.8685620000000001	0.168274981994494
0.869221125	0.16811393829644317
0.8698805	0.16795301669369034
0.8705401249999999	0.16779221704743827
0.8712000000000001	0.16763175173588415
0.871860125	0.16747162037924618
0.8725204999999999	0.16731139788650026
0.8731811250000001	0.1671517211877786
0.8738419999999998	0.16699216527324656
0.874503125	0.1668327300059089
0.8751645000000002	0.16667362728386406
0.8758261249999999	0.16651485673021907
0.876488	0.1663562060939106
0.8771501249999997	0.16619767523913212
0.8778125	0.16603947574511566
0.8784751250000001	0.16588160723687756
0.8791379999999998	0.16572385778482976
0.879801125	0.16556622725434392
0.8804645	0.16540892690674097
0.8811281249999998	0.16525174505280854
0.8817920000000001	0.1650948927952684
0.882456125	0.1649383697619757
0.8831205	0.1647817534261083
0.8837851249999998	0.16462567688764296
0.8844500000000001	0.16446971769995838
0.885115125	0.16431387573075393
0.8857805	0.16415836160837455
0.8864461250000002	0.16400296428218175
0.8871119999999998	0.16384789422286683
0.887778125	0.16369294053883093
0.8884445000000002	0.1635383135433465
0.8891111249999999	0.16338380250361426
0.8897780000000001	0.16322961757572219
0.8904451249999997	0.16307554818543066
0.8911125	0.16292180433187722
0.8917801250000001	0.16276817559914264
0.8924479999999998	0.16261487182964748
0.893116125	0.16246168276555406
0.8937845	0.16230860827817278
0.8944531249999998	0.16215606771138785
0.8951220000000001	0.16200343149319155
0.895791125	0.16185111888976808
0.8964605	0.1616991295385914
0.8971301249999999	0.16154725365464215
0.8978000000000002	0.16139549111090484
0.898470125	0.16124405104736061
0.8991405	0.1610927239145126
0.8998111250000002	0.16094171869689963
0.9004819999999998	0.16079082600180364
0.901153125	0.16064025465855125
0.9018245000000003	0.16048979543096772
0.9024961249999999	0.1603396569933974
0.9031680000000001	0.16018963026597408
0.9038401249999998	0.16003992376828863
0.9045124999999999	0.15989032857654936
0.9051851250000001	0.1597410530558222
0.9058579999999998	0.15959188843815658
0.906531125	0.15944283460000644
0.9072045	0.15929409967499164
0.9078781249999999	0.15914568330810683
0.9085520000000001	0.15899716893989538
0.909226125	0.15884918075535354
0.9099005	0.15870130227294996
0.9105751249999999	0.15855353337074823
0.9112500000000001	0.15840587392699257
0.911925125	0.15825873925462083
0.9126004999999999	0.1581115058498415
0.9132761250000002	0.1579645889493609
0.9139519999999999	0.15781798820202803
0.914628125	0.15767149584711457
0.9153045000000003	0.15752511176445158
0.915981125	0.15737904309090414
0.9166580000000001	0.15723308229673147
0.9173351249999997	0.15708743636630876
0.9180125	0.15694189792365754
0.9186901250000002	0.15679667380088663
0.9193679999999999	0.15665155677555145
0.920046125	0.15650675352771742
0.9207245	0.15636205698824593
0.9214031249999999	0.15621746703922704
0.9220820000000002	0.1560731901329947
0.9227611250000001	0.15592901942985865
0.9234405	0.1557851612306653
0.924120125	0.15564140884846292
0.9248000000000002	0.15549796843283206
0.9254801250000001	0.15535463344933328
0.9261604999999999	0.15521160989650207
0.9268411250000003	0.15506869139218563
0.9275219999999998	0.15492587782069175
0.928203125	0.15478337495431832
0.9288845000000003	0.15464097663883722
0.9295661249999999	0.15449888849605195
0.9302480000000002	0.15435690452345924
0.9309301249999997	0.15421523019258718
0.9316125	0.15407365965243364
0.9322951250000002	0.1539321927889847
0.9329779999999999	0.1537910348486826
0.9336611250000001	0.15364998020727572
0.9343445	0.15350923396147712
0.9350281249999999	0.15336859063797892
0.9357120000000001	0.15322825518398264
0.936396125	0.15308802227690185
0.9370805	0.15294789180437707
0.9377651249999999	0.15280806848966733
0.9384500000000001	0.15266855199646837
0.9391351250000001	0.1525289326169783
0.9398205	0.1523898242978017
0.9405061250000002	0.15225061286973998
0.9411919999999998	0.1521117073699459
0.9418781250000001	0.15197310746407153
0.9425645000000002	0.15183460850496042
0.943251125	0.15169621038236847
0.9439380000000002	0.15155811715080836
0.9446251249999997	0.1514201243872232
0.9453125	0.15128223198201152
0.9460001250000002	0.15114464376768336
0.9466879999999999	0.15100735941263535
0.9473761250000001	0.15087017479195347
0.9480644999999996	0.1507330897969948
0.948753125	0.15059610431927373
0.9494420000000001	0.15045962539437413
0.9501311249999997	0.15032304197674318
0.9508205	0.15018676102870804
0.951510125	0.15005057887077664
0.9521999999999998	0.14991469867249235
0.952890125	0.14977891690245745
0.9535805	0.14964343658349075
0.9542711249999999	0.14950805433207304
0.9549619999999999	0.14937277004176344
0.9556531250000001	0.14923778651560968
0.9563445	0.14910290059142708
0.9570361249999999	0.14896831492606583
0.9577280000000001	0.14883382650468238
0.9584201249999997	0.14869943522192045
0.9591125	0.14856534351564793
0.9598051250000003	0.1484313485915524
0.9604979999999999	0.14829765274182863
0.9611911250000001	0.14816405331897087
0.9618844999999997	0.14803055021869624
0.962578125	0.14789734551500208
0.9632720000000001	0.1477642367801146
0.9639661249999998	0.14763142594287934
0.9646605	0.1474987107217975
0.965355125	0.1473660910136492
0.9660499999999999	0.14723376852986292
0.9667451250000001	0.14710174294980835
0.9674405	0.1469696106144877
0.9681361249999999	0.14683777483287924
0.9688319999999999	0.14670623528542065
0.9695281250000001	0.1465747902008328
0.9702245	0.14644343947739688
0.9709211249999999	0.14631238432115037
0.9716180000000002	0.14618142317864583
0.9723151249999998	0.14605055594875693
0.9730125000000001	0.14591998362165295
0.9737101250000002	0.14578950486124698
0.9744079999999998	0.14565932051410432
0.9751061250000002	0.14552922938883575
0.9758044999999997	0.14539923138534616
0.9765031249999999	0.1452695271351006
0.9772020000000002	0.14513991566328868
0.9779011249999998	0.14501059745828196
0.9786005	0.1448813716894474
0.979300125	0.14475223825771105
0.9799999999999999	0.14462339743710811
0.9807001250000001	0.14449464861280692
0.9814005	0.14436599168631042
0.9821011249999999	0.14423762671777432
0.9828019999999998	0.14410955339483286
0.9835031250000001	0.14398137137397185
0.9842045	0.14385348066043516
0.984906125	0.14372588094288605
0.9856080000000002	0.14359837210832666
0.9863101249999998	0.14347095405969437
0.9870125000000001	0.1433436267000646
0.9877151250000002	0.1432165895215197
0.9884179999999999	0.1430898422144781
0.9891211250000002	0.1429631850228343
0.9898244999999998	0.1428366178505166
0.990528125	0.1427101406015894
0.9912320000000002	0.14258395241473895
0.9919361249999998	0.14245785381836554
0.9926405	0.14233204381017622
0.9933451249999999	0.1422063230605951
0.9940499999999999	0.1420806914746662
0.9947551250000001	0.1419553478389258
0.9954605000000001	0.14183009303637878
0.996166125	0.14170512571307914
0.9968719999999999	0.14158024689354948
0.9975781250000001	0.14145545648380356
0.9982845	0.14133095291946804
0.998991125	0.14120653743689013
0.9996980000000002	0.14108220994263082
